0;0.6943615
1;0.6889317
2;0.68782026
3;0.6907622
4;0.69390965
5;0.69122404
6;0.69246817
7;0.68969613
8;0.6877752
9;0.6911438
10;0.6901843
11;0.69133025
12;0.6845026
13;0.685628
14;0.68481445
15;0.68286544
16;0.6814925
17;0.6853849
18;0.67694
19;0.68111247
20;0.67710686
21;0.67030054
22;0.6669688
23;0.661268
24;0.6481616
25;0.65654904
26;0.66632676
27;0.6546737
28;0.6488178
29;0.6612516
30;0.663058
31;0.64215463
32;0.6214732
33;0.70019674
34;0.6149146
35;0.67786026
36;0.72507524
37;0.653377
38;0.6079166
39;0.74488974
40;0.60815245
41;0.60592556
42;0.6099587
43;0.58608764
44;0.6668748
45;0.7687047
46;0.6776617
47;0.59829384
48;0.64209384
49;0.6065267
50;0.6106189
51;0.6653779
52;0.6159372
53;0.63766867
54;0.6429302
55;0.584288
56;0.65017843
57;0.65894574
58;0.60374576
59;0.59941787
60;0.6706502
61;0.647253
62;0.650368
63;0.74426955
64;0.6587711
65;0.6592445
66;0.6187593
67;0.66220015
68;0.6086024
69;0.6329474
70;0.64489156
71;0.673158
72;0.6162339
73;0.6960783
74;0.60276437
75;0.6600501
76;0.6886616
77;0.5978841
78;0.6265853
79;0.6316464
80;0.61411756
81;0.6507723
82;0.60972846
83;0.6374387
84;0.57819384
85;0.66266274
86;0.62756944
87;0.62294704
88;0.6755828
89;0.6734479
90;0.6800966
91;0.61433107
92;0.6003472
93;0.59953725
94;0.6904113
95;0.5814779
96;0.57797796
97;0.62337697
98;0.6227929
99;0.6045274
100;0.6924667
101;0.6812334
102;0.5884989
103;0.68135625
104;0.57571775
105;0.54386616
106;0.6930557
107;0.69262177
108;0.60905
109;0.6810871
110;0.6631713
111;0.6838171
112;0.5790724
113;0.6710933
114;0.6687527
115;0.56672126
116;0.661686
117;0.5884377
118;0.5674326
119;0.59079224
120;0.6034981
121;0.7456336
122;0.75276953
123;0.6220932
124;0.6555605
125;0.7404404
126;0.5727852
127;0.6682436
128;0.7328829
129;0.6302703
130;0.6944296
131;0.627198
132;0.62490624
133;0.5817311
134;0.65036845
135;0.6476838
136;0.63431937
137;0.6759115
138;0.63177496
139;0.60654944
140;0.6484634
141;0.635362
142;0.6607466
143;0.6428111
144;0.6566085
145;0.6364489
146;0.62524897
147;0.63870806
148;0.6685446
149;0.65961367
150;0.6020158
151;0.6433895
152;0.65281415
153;0.6327351
154;0.6465781
155;0.6539417
156;0.6187276
157;0.6076224
158;0.5985506
159;0.5785036
160;0.6424935
161;0.67109305
162;0.6413219
163;0.6269444
164;0.61078686
165;0.5955036
166;0.63699996
167;0.6153446
168;0.6107022
169;0.63980013
170;0.6204067
171;0.6812596
172;0.7334177
173;0.66734767
174;0.6052324
175;0.6510122
176;0.61180323
177;0.5646364
178;0.5468915
179;0.65299135
180;0.59737974
181;0.68190974
182;0.6394791
183;0.6945558
184;0.5368896
185;0.5512346
186;0.700239
187;0.57826066
188;0.6159153
189;0.6129117
190;0.6859226
191;0.6153509
192;0.6002098
193;0.69559145
194;0.5378213
195;0.59116644
196;0.63723487
197;0.62758833
198;0.6910324
199;0.65322715
200;0.6700209
201;0.5417072
202;0.6131844
203;0.5628473
204;0.8177924
205;0.70336515
206;0.7721012
207;0.642692
208;0.6024963
209;0.6049821
210;0.6538808
211;0.59840083
212;0.5852853
213;0.63097817
214;0.66927785
215;0.68937427
216;0.5836412
217;0.6548917
218;0.6674163
219;0.5822294
220;0.5959832
221;0.6380176
222;0.5862779
223;0.60641354
224;0.54135567
225;0.629261
226;0.5367427
227;0.62434316
228;0.49585116
229;0.68012923
230;0.579313
231;0.7562483
232;0.7707886
233;0.5546077
234;0.5211986
235;0.7100034
236;0.52241486
237;0.5620218
238;0.7102271
239;0.6546748
240;0.46559015
241;0.6490678
242;0.63084316
243;0.63053304
244;0.6280263
245;0.6905059
246;0.7069154
247;0.635562
248;0.73520404
249;0.45281455
250;0.6771643
251;0.6000831
252;0.5854255
253;0.43531108
254;0.7711397
255;0.66793585
256;0.45714903
257;0.6830118
258;0.7114815
259;0.4151154
260;0.72644264
261;0.70567197
262;0.60574967
263;0.6957836
264;0.5298037
265;0.5495002
266;0.62461984
267;0.47578096
268;0.5617934
269;0.65613073
270;0.665231
271;0.61855406
272;0.7717331
273;0.6804766
274;0.7409654
275;0.69356185
276;0.6627115
277;0.7065957
278;0.67194057
279;0.6546035
280;0.60314375
281;0.60096043
282;0.6429589
283;0.6641381
284;0.6067566
285;0.70077425
286;0.6104385
287;0.64036
288;0.58807564
289;0.59539413
290;0.63069206
291;0.6448764
292;0.6167503
293;0.64495176
294;0.6171296
295;0.60077196
296;0.67201644
297;0.6498217
298;0.57875067
299;0.5911047
300;0.5885051
301;0.5926434
302;0.6270794
303;0.5765919
304;0.58371526
305;0.56928056
306;0.55882555
307;0.63692576
308;0.6655852
309;0.6303237
310;0.611684
311;0.67770845
312;0.62216204
313;0.6557422
314;0.5525586
315;0.5873854
316;0.5037629
317;0.6326665
318;0.6404028
319;0.5633806
320;0.65551513
321;0.5869725
322;0.5716323
323;0.5732436
324;0.65240127
325;0.6718705
326;0.52507967
327;0.52140635
328;0.506575
329;0.51068556
330;0.84327
331;0.36452174
332;0.6937821
333;0.6715374
334;0.5575218
335;0.43124595
336;0.47885028
337;0.42675367
338;0.6375548
339;0.3387417
340;0.92211103
341;0.56479263
342;0.96895504
343;0.4845871
344;0.6780386
345;0.53668886
346;0.6708086
347;0.74514866
348;0.790932
349;0.44521466
350;0.4636618
351;0.592853
352;0.5761592
353;0.47890294
354;0.4736012
355;0.65186256
356;0.8161033
357;0.57248497
358;0.5326431
359;0.6542756
360;0.66316456
361;0.8017764
362;0.5717258
363;0.45090017
364;0.74800915
365;0.68394965
366;0.57091755
367;0.6729086
368;0.573183
369;0.56096584
370;0.5433613
371;0.48110834
372;0.5356531
373;0.47555885
374;0.6266442
375;0.54356563
376;0.71557814
377;0.7075882
378;0.6859049
379;0.48104563
380;0.7744253
381;0.44605494
382;0.5385678
383;0.47415462
384;0.60498977
385;0.6919768
386;0.7344577
387;0.71747357
388;0.5360475
389;0.50689524
390;0.8088344
391;0.37545052
392;0.56267947
393;0.7491637
394;0.5281221
395;0.7698176
396;0.54651016
397;0.5588593
398;0.5491313
399;0.61454046
400;0.46116266
401;0.4295539
402;0.63290685
403;0.6779063
404;0.49241772
405;0.7381584
406;0.48916543
407;0.79379815
408;0.7622387
409;0.6953204
410;0.72275096
411;0.49023297
412;0.54394555
413;0.5129197
414;0.5025036
415;0.50086355
416;0.4494729
417;0.5664427
418;0.48546025
419;0.69964814
420;0.6964817
421;0.46076798
422;0.48496938
423;0.57243687
424;0.5104862
425;0.64067394
426;0.5181892
427;0.46836802
428;0.66741675
429;0.6786108
430;0.64098406
431;0.6333813
432;0.5181645
433;0.557722
434;0.47837496
435;0.7195895
436;0.617379
437;0.7611277
438;0.4499656
439;0.63620704
440;0.5301515
441;0.6478776
442;0.67695504
443;0.598613
444;0.6025441
445;0.48803148
446;0.68365616
447;0.7673759
448;0.54309434
449;0.6108614
450;0.64394814
451;0.62569064
452;0.5137749
453;0.61644757
454;0.58107907
455;0.74984246
456;0.5947615
457;0.60144097
458;0.55001986
459;0.37880787
460;0.38372448
461;0.5113389
462;0.58902526
463;0.5998352
464;0.37469056
465;0.7183177
466;0.38763836
467;0.39760098
468;0.69425994
469;0.2494183
470;0.80914754
471;0.8587658
472;0.75263333
473;0.43495178
474;0.80736685
475;0.793691
476;0.5926659
477;0.4693049
478;0.68046427
479;0.62166244
480;0.44290808
481;0.44731048
482;0.5747724
483;0.6342284
484;0.47953343
485;0.6459455
486;0.61253744
487;0.5408234
488;0.52980316
489;0.5681966
490;0.52155596
491;0.56309485
492;0.6023862
493;0.8205573
494;0.46318594
495;0.595619
496;0.78119737
497;0.5119094
498;0.475039
499;0.70188093
500;0.42489377
501;0.45817772
502;0.5568945
503;0.5055185
504;0.59876955
505;0.78798103
506;0.56672716
507;0.6331958
508;0.352674
509;0.5127752
510;0.44449806
511;0.35137042
512;0.5664776
513;0.49350047
514;0.5887795
515;0.3623118
516;0.6550376
517;0.31051335
518;0.2801483
519;0.4842937
520;0.63031876
521;0.43521062
522;0.5395391
523;0.5182094
524;0.6237995
525;0.6619612
526;0.46524677
527;0.48659977
528;0.2846788
529;0.28999606
530;0.43702602
531;0.2556903
532;0.72228414
533;0.60473025
534;1.0425959
535;0.22141893
536;0.4007853
537;0.9386323
538;0.2509245
539;0.8056062
540;1.0925404
541;0.5843659
542;0.7897291
543;0.4639834
544;0.5693764
545;0.68940574
546;0.28486323
547;0.524139
548;0.28593844
549;0.51115733
550;0.48496363
551;0.5365258
552;0.55201656
553;0.47164807
554;0.76525927
555;0.33555484
556;0.51233697
557;0.6024375
558;0.28507158
559;0.38581046
560;0.4627938
561;0.3200916
562;0.32301742
563;0.46031407
564;0.3298429
565;0.6961596
566;0.57926667
567;0.4571301
568;0.7533784
569;0.681509
570;0.59670794
571;0.5630868
572;0.42921686
573;0.24755074
574;0.25956067
575;0.30851093
576;0.50504786
577;0.48867214
578;0.25308892
579;0.2868251
580;0.6344134
581;0.7403395
582;0.24583678
583;0.4898723
584;0.43780518
585;0.63425076
586;0.22531013
587;0.3950449
588;0.6413765
589;0.50563043
590;0.49319753
591;0.50818473
592;0.5225701
593;0.59301126
594;0.8198145
595;0.54906493
596;0.44142446
597;0.47143412
598;0.88470507
599;0.27938357
600;0.8899758
601;0.809522
602;0.5341919
603;0.95496225
604;0.31141585
605;0.6964318
606;0.48611417
607;0.416332
608;0.63334227
609;0.91084385
610;0.4558284
611;0.4329789
612;0.7930593
613;0.30201975
614;0.714026
615;0.75961226
616;1.0532163
617;0.5606475
618;0.58779794
619;0.46221218
620;0.64105374
621;0.81274396
622;0.43119657
623;0.31034434
624;0.6239378
625;0.49058804
626;0.31664422
627;0.34719762
628;0.5416358
629;0.5063626
630;0.40949526
631;0.5982781
632;0.6035749
633;0.458311
634;0.50639075
635;0.33545116
636;0.63725543
637;0.3956572
638;0.60273314
639;0.52604824
640;0.60915935
641;0.43836105
642;0.63618594
643;0.5218559
644;0.795505
645;0.6396132
646;0.6099297
647;0.3171227
648;0.382674
649;0.32050255
650;0.39940977
651;0.39501297
652;0.3152561
653;0.3311436
654;0.5340776
655;0.6252097
656;0.41288158
657;0.6084345
658;0.23853846
659;0.48450935
660;0.44955733
661;0.52873343
662;0.4901073
663;0.61728865
664;0.47511077
665;0.69171077
666;0.46834984
667;0.18794964
668;0.6569397
669;0.51923066
670;0.528686
671;0.34687087
672;0.6421128
673;0.76692265
674;0.78978866
675;0.40498206
676;0.26575544
677;0.6167524
678;0.2840409
679;1.0512695
680;0.5172799
681;0.6615133
682;0.4523102
683;0.46903166
684;0.6279608
685;0.26018897
686;0.29124177
687;0.54204065
688;0.8730443
689;0.24102946
690;0.34637332
691;0.25552303
692;0.4773068
693;0.56054235
694;0.7023534
695;0.42200312
696;0.21943186
697;0.6439206
698;0.22768216
699;0.8532481
700;0.39507842
701;0.39819577
702;0.54899436
703;0.51289344
704;0.60221887
705;0.82894325
706;0.3677527
707;0.51814747
708;0.5423077
709;0.25166047
710;0.5027067
711;0.97789925
712;0.23068352
713;0.47132978
714;0.2593942
715;0.50555784
716;0.4860182
717;0.35354033
718;0.50559413
719;0.49864832
720;0.43706393
721;0.82881516
722;0.21059017
723;0.6030224
724;0.27228114
725;0.45969263
726;0.31014374
727;0.26339203
728;0.5141856
729;0.31835696
730;0.24258554
731;0.2986756
732;0.46676016
733;0.6743293
734;0.49302244
735;0.42693937
736;0.46598744
737;0.73766917
738;0.48658356
739;0.3358245
740;0.4816297
741;0.96723723
742;0.40061986
743;0.25682002
744;0.6841951
745;0.22545147
746;0.29868433
747;0.51509696
748;0.60027593
749;0.48158303
750;0.6336736
751;0.5313291
752;0.48313427
753;0.5854203
754;0.48106694
755;0.4601048
756;0.35537615
757;0.5268931
758;0.46926233
759;0.4588114
760;0.415413
761;0.4445639
762;0.5647578
763;0.2240098
764;0.31877723
765;0.47062603
766;0.6432554
767;0.32995164
768;0.49223232
769;0.49812555
770;0.56273764
771;0.41076824
772;0.4873074
773;0.7379393
774;0.24466743
775;0.6309452
776;0.24196284
777;0.2572695
778;0.48631373
779;0.69281155
780;0.50397545
781;0.7053151
782;0.22966051
783;0.54207236
784;0.7429864
785;0.5788178
786;0.4966245
787;0.23915237
788;0.703192
789;0.23503995
790;0.36808825
791;0.45044684
792;0.22718935
793;0.41982493
794;0.25258857
795;0.23989469
796;0.177913
797;0.5241375
798;0.63545805
799;0.67906934
800;0.6656197
801;0.43304232
802;0.1778001
803;0.56974787
804;0.22472413
805;0.5832252
806;0.28277382
807;0.4374782
808;0.90355134
809;0.6615642
810;0.5462181
811;0.5722571
812;0.5793862
813;0.68714696
814;0.32117733
815;0.46048093
816;0.44214526
817;0.48648652
818;0.61640656
819;0.91607624
820;0.3046355
821;0.44408157
822;1.0538015
823;0.48651704
824;0.9854107
825;0.5892799
826;0.6865235
827;0.43934813
828;0.5742774
829;0.47115266
830;0.5779241
831;0.49187884
832;0.28506997
833;0.4162276
834;0.42824647
835;0.54769534
836;0.28032157
837;0.43714038
838;0.44259667
839;0.42869243
840;0.48669517
841;0.73545104
842;0.69922423
843;0.76743
844;0.2621294
845;0.26233923
846;0.474933
847;0.3807117
848;0.5016772
849;0.41964588
850;0.49297497
851;0.40662697
852;0.28993887
853;0.9794982
854;0.33161548
855;0.7842266
856;0.73959225
857;0.33488396
858;0.25069228
859;0.17660373
860;0.6987943
861;0.6989483
862;0.6067639
863;0.46754822
864;1.350705
865;1.0884424
866;0.39083567
867;0.5974558
868;0.5888903
869;0.5330412
870;0.17355017
871;0.15849364
872;0.25368932
873;0.30220553
874;0.59689367
875;0.506717
876;0.63737804
877;0.40909752
878;1.3755327
879;0.45156884
880;0.40398085
881;0.4948813
882;0.51381546
883;0.5390175
884;1.1512498
885;0.53477925
886;0.5847441
887;0.55519825
888;0.50449735
889;0.45113286
890;0.1912244
891;0.4605937
892;0.44744968
893;0.5598484
894;0.8030265
895;0.8213921
896;0.49481618
897;0.49520573
898;0.36285353
899;1.1796755
900;0.39907792
901;0.40188465
902;0.3518343
903;0.3343602
904;0.3028679
905;0.33677053
906;0.73908406
907;0.47613004
908;0.56853944
909;0.45892605
910;0.846319
911;0.5008159
912;0.54303247
913;0.2825118
914;0.4807112
915;0.35373828
916;0.5563915
917;0.5131054
918;0.3082057
919;0.72426516
920;0.5891769
921;0.23979819
922;0.51875633
923;0.6274646
924;0.46282506
925;0.39756623
926;0.4892596
927;0.7097495
928;0.46540546
929;0.7164211
930;0.53741986
931;0.22210462
932;0.47222468
933;0.2604598
934;0.24618465
935;0.58722544
936;0.38318732
937;0.6017846
938;0.6625195
939;0.34778965
940;0.21225567
941;0.6441944
942;0.9332776
943;0.58211374
944;0.4671087
945;0.26896733
946;0.5472057
947;0.5031558
948;0.5862971
949;0.84379643
950;0.28436717
951;0.7615369
952;0.210796
953;0.24849702
954;0.31483456
955;0.49023739
956;0.49163422
957;0.2872658
958;0.5273304
959;0.46286055
960;0.46486807
961;0.49056366
962;0.44207087
963;0.52698755
964;0.84252006
965;0.44164696
966;0.53399456
967;0.8216054
968;0.81014854
969;0.4370655
970;0.3879621
971;0.28907368
972;0.30673876
973;0.50415105
974;0.54153603
975;0.32674935
976;0.4445192
977;0.39630207
978;0.3188862
979;0.5181872
980;0.5913911
981;0.34286854
982;0.5922603
983;0.2866933
984;0.263232
985;0.43901297
986;0.7182238
987;0.41476402
988;0.29345527
989;0.48563358
990;0.51096517
991;0.2846498
992;0.3852403
993;0.5200811
994;0.45293716
995;0.30452287
996;0.7979204
997;0.39146093
998;1.1832794
999;0.29614708
1000;0.6550164
1001;0.4810466
1002;0.38143983
1003;0.41569462
1004;0.48790756
1005;1.0637048
1006;0.32523194
1007;0.50742006
1008;0.27658388
1009;0.46419325
1010;0.45055985
1011;0.46704292
1012;0.30628586
1013;0.44362
1014;0.6207595
1015;0.21293814
1016;0.29304376
1017;0.28790584
1018;0.9551778
1019;0.83532614
1020;0.5160062
1021;0.6542856
1022;0.26334307
1023;0.4645196
1024;0.24378361
1025;1.2036994
1026;0.33625305
1027;0.49638656
1028;0.32438847
1029;0.33137348
1030;0.5685365
1031;0.22626214
1032;0.52089864
1033;0.8123684
1034;0.21511693
1035;0.5124149
1036;0.55751324
1037;1.117792
1038;0.3267078
1039;0.5579563
1040;0.4389337
1041;0.45071554
1042;0.7799115
1043;0.75535154
1044;0.5700897
1045;0.6729228
1046;0.5734542
1047;0.54773915
1048;0.7472485
1049;0.63528067
1050;0.4938588
1051;0.69783705
1052;0.5737044
1053;0.4908502
1054;0.5063568
1055;0.24720539
1056;0.28471196
1057;0.51298314
1058;0.814677
1059;0.6020772
1060;0.6287928
1061;0.891711
1062;0.38618442
1063;0.25605783
1064;0.7588175
1065;0.4705408
1066;0.29888096
1067;0.48899353
1068;0.3093551
1069;0.45421323
1070;0.49688172
1071;0.24568509
1072;0.39801228
1073;0.44579625
1074;0.6243468
1075;0.67121166
1076;0.62787706
1077;0.59225327
1078;0.63197917
1079;0.45296395
1080;0.5939391
1081;0.44648507
1082;0.56801414
1083;0.25450766
1084;0.4276758
1085;0.47347388
1086;0.35306048
1087;0.49217796
1088;0.30353317
1089;0.45503697
1090;0.46637174
1091;0.26019543
1092;0.26735476
1093;0.34238985
1094;0.2997817
1095;0.31099266
1096;0.9581361
1097;1.0498228
1098;0.68023473
1099;0.35047492
1100;0.52146816
1101;0.25044838
1102;0.40278587
1103;0.24134791
1104;0.39006266
1105;0.58330995
1106;0.21083081
1107;0.30060276
1108;0.7228949
1109;0.28281546
1110;0.19353765
1111;0.42301905
1112;0.46501234
1113;0.3591181
1114;0.17592971
1115;0.5884983
1116;0.2734475
1117;0.6018476
1118;0.55230683
1119;0.7694473
1120;0.27322805
1121;0.5328955
1122;0.46771213
1123;0.7567528
1124;0.3846136
1125;0.45039716
1126;0.29716694
1127;0.2774119
1128;0.4429678
1129;0.3916348
1130;0.5411283
1131;0.5041988
1132;0.5132907
1133;0.5493723
1134;0.6450569
1135;0.64804035
1136;1.2801231
1137;0.3685553
1138;0.32999757
1139;0.68901134
1140;1.2647831
1141;0.40050206
1142;0.9281716
1143;0.37141338
1144;0.30081367
1145;0.544532
1146;0.3656528
1147;0.3974997
1148;0.49347278
1149;0.6835521
1150;0.21720915
1151;0.9341995
1152;0.55497366
1153;0.34343123
1154;0.29750526
1155;0.5600789
1156;0.4030346
1157;0.28115985
1158;0.4130974
1159;0.834585
1160;0.4983448
1161;0.43884864
1162;0.5715427
1163;0.27762398
1164;0.4445571
1165;0.5499346
1166;0.35115477
1167;0.2834266
1168;0.75388145
1169;0.27881184
1170;0.5854363
1171;0.64712006
1172;0.2859984
1173;1.0601735
1174;0.46669078
1175;0.45322153
1176;0.41573763
1177;0.7047465
1178;0.49681458
1179;0.43173012
1180;0.486087
1181;0.4638033
1182;0.43998337
1183;0.45792094
1184;0.49104866
1185;0.47379377
1186;0.26601914
1187;0.2758931
1188;0.26941893
1189;0.2582836
1190;0.21798216
1191;0.17833413
1192;0.28383198
1193;0.33230442
1194;0.87136054
1195;0.38693658
1196;0.40005794
1197;0.25156748
1198;1.0823885
1199;0.26976123
1200;0.92830944
1201;0.31952646
1202;0.27470002
1203;0.47925067
1204;0.44761348
1205;0.5696161
1206;0.63417476
1207;0.4296341
1208;0.30627075
1209;0.27805623
1210;0.64080334
1211;0.728103
1212;0.4282538
1213;0.3387665
1214;0.3761383
1215;0.5224307
1216;0.48930418
1217;0.73064154
1218;0.35908714
1219;0.45628455
1220;0.34525046
1221;0.73548657
1222;0.44842267
1223;0.26046768
1224;0.496215
1225;0.6894315
1226;0.7029287
1227;0.3596789
1228;0.75027245
1229;0.34630784
1230;0.18610577
1231;0.27807584
1232;0.41277525
1233;0.535761
1234;0.2439306
1235;0.227489
1236;0.771288
1237;0.43664312
1238;0.5147109
1239;0.23085697
1240;0.7837649
1241;0.20695587
1242;0.23321001
1243;0.42532387
1244;0.19975631
1245;0.7202006
1246;0.91028386
1247;0.6692769
1248;0.2630792
1249;0.6706495
1250;1.1082202
1251;0.45548192
1252;0.30926505
1253;0.6461088
1254;0.6124289
1255;0.3713224
1256;0.25064084
1257;0.56789595
1258;0.27419397
1259;0.25132182
1260;0.27589267
1261;0.62944835
1262;0.28309843
1263;0.3137562
1264;0.4909407
1265;0.42887387
1266;0.57615876
1267;0.26232597
1268;0.47683188
1269;0.48334178
1270;0.5454194
1271;0.6266262
1272;0.32220808
1273;0.28954402
1274;0.9356292
1275;0.26466438
1276;0.38383627
1277;0.3692098
1278;0.3758575
1279;0.57369757
1280;0.6077475
1281;0.5046356
1282;0.88372964
1283;0.25554052
1284;0.29171112
1285;0.32487872
1286;0.2395956
1287;0.31162378
1288;0.37228456
1289;0.62168837
1290;0.25941715
1291;0.38636354
1292;0.25146803
1293;0.22233798
1294;0.39568773
1295;0.63199025
1296;0.36993098
1297;0.48449126
1298;0.26217428
1299;0.6358289
1300;0.464957
1301;0.60269386
1302;0.5632437
1303;0.2735012
1304;0.34822705
1305;0.5673711
1306;0.37288034
1307;0.29242876
1308;0.9796691
1309;0.24159785
1310;0.35840544
1311;0.5581427
1312;0.30159953
1313;0.22971447
1314;0.697149
1315;0.9239698
1316;0.39779973
1317;0.7804118
1318;0.4577169
1319;0.47029164
1320;0.64171404
1321;0.23312284
1322;0.5279102
1323;0.23258539
1324;0.29710862
1325;0.46557215
1326;0.52194303
1327;0.5314452
1328;0.34181714
1329;0.8085127
1330;0.28069398
1331;0.47827673
1332;0.5387935
1333;0.24605419
1334;0.32707405
1335;0.42381787
1336;0.27099398
1337;0.2429133
1338;0.450912
1339;0.36009836
1340;0.6248804
1341;0.5038637
1342;0.37831417
1343;0.2708952
1344;0.49969995
1345;0.60971487
1346;0.57559437
1347;0.41704288
1348;0.20117654
1349;0.2483402
1350;0.47827435
1351;0.5122845
1352;0.49011743
1353;0.22422166
1354;0.22411977
1355;0.7682186
1356;0.18706746
1357;0.99772024
1358;0.5375226
1359;0.45300767
1360;1.360864
1361;0.22610374
1362;1.0326164
1363;1.4758011
1364;0.60146195
1365;1.2877626
1366;0.3176844
1367;1.375166
1368;0.71067476
1369;0.99867034
1370;1.1072326
1371;1.7680936
1372;1.3049384
1373;0.234217
1374;0.76090354
1375;0.2589536
1376;0.75668687
1377;1.062848
1378;0.44375739
1379;0.9926233
1380;0.5972009
1381;0.5016282
1382;0.46191874
1383;0.59216094
1384;0.98056465
1385;0.4542339
1386;0.50104123
1387;0.43597022
1388;0.732471
1389;0.62627476
1390;0.5735376
1391;0.915474
1392;0.59275556
1393;0.5509015
1394;0.90848875
1395;0.6062557
1396;0.5662062
1397;0.48301253
1398;0.3513708
1399;0.9156823
1400;0.7831002
1401;0.38365635
1402;0.38012886
1403;0.48872137
1404;0.45721516
1405;0.41904107
1406;0.42966476
1407;0.55899495
1408;0.4522852
1409;0.35515234
1410;0.35254717
1411;0.89050204
1412;0.54944193
1413;0.5995502
1414;0.45093894
1415;0.5620523
1416;0.3992646
1417;0.8877959
1418;0.4991717
1419;0.57983726
1420;0.42437604
1421;0.39017555
1422;0.30660644
1423;0.38798478
1424;0.3534957
1425;0.4252751
1426;0.4131147
1427;0.28224996
1428;0.36005113
1429;0.44165477
1430;0.5678384
1431;0.52973
1432;0.40043154
1433;0.39737603
1434;0.4986743
1435;0.3230007
1436;0.38581118
1437;0.56604165
1438;0.55903417
1439;0.36424604
1440;0.5651622
1441;0.5901242
1442;0.3332261
1443;0.54787034
1444;0.63088304
1445;0.540299
1446;0.36531684
1447;0.516509
1448;0.94486564
1449;0.5748911
1450;0.34627748
1451;0.4446648
1452;0.4332964
1453;0.28390592
1454;0.948554
1455;0.544454
1456;0.6846669
1457;0.38180804
1458;0.52740705
1459;0.47954047
1460;0.32108226
1461;0.6085816
1462;0.5929387
1463;0.76030463
1464;0.24193315
1465;0.29940334
1466;0.27618408
1467;0.41641712
1468;0.53891927
1469;0.6301484
1470;0.3219485
1471;0.22936976
1472;0.94965714
1473;0.23567574
1474;0.6732759
1475;0.41416645
1476;0.42347124
1477;0.5440616
1478;0.5034353
1479;0.52259177
1480;0.8431277
1481;0.30517814
1482;0.48918727
1483;0.5792238
1484;0.2678889
1485;0.4450934
1486;0.9778673
1487;0.2434383
1488;0.4606063
1489;0.27689633
1490;0.46125028
1491;0.3530921
1492;0.34609875
1493;0.4279691
1494;0.5464452
1495;0.37103418
1496;0.8160081
1497;0.28066334
1498;0.63938683
1499;0.85629463
1500;0.41852775
1501;0.22910672
1502;0.2823173
1503;0.48147717
1504;0.7465132
1505;0.24263309
1506;0.2564433
1507;0.49033293
1508;0.65847087
1509;0.4052763
1510;0.4264814
1511;0.34105286
1512;0.59708434
1513;0.4454956
1514;0.46111107
1515;0.56649053
1516;0.47707626
1517;0.34693655
1518;0.19964664
1519;0.71050406
1520;0.2579759
1521;0.24114914
1522;0.54909986
1523;0.67411494
1524;0.58530116
1525;0.72911245
1526;0.4951454
1527;0.34649348
1528;0.27268675
1529;0.4137676
1530;0.5534501
1531;0.32416058
1532;0.54775447
1533;0.40593195
1534;0.5592839
1535;0.30075362
1536;0.35449633
1537;0.54033756
1538;0.22928025
1539;0.5136562
1540;0.44225523
1541;0.5059641
1542;0.43369183
1543;0.4517081
1544;0.57522553
1545;0.4899098
1546;0.3342335
1547;0.34183192
1548;0.71872777
1549;0.30064988
1550;0.57275873
1551;0.26332048
1552;0.21107246
1553;0.38882557
1554;0.731026
1555;0.5724825
1556;0.7127881
1557;0.33345142
1558;0.56761336
1559;0.55793947
1560;0.5431132
1561;0.5586336
1562;0.2697519
1563;0.78222513
1564;0.24632065
1565;0.5297654
1566;0.54666406
1567;0.2761519
1568;0.3227701
1569;0.33199584
1570;0.27965006
1571;0.29047093
1572;0.32511142
1573;0.64107144
1574;0.68117094
1575;0.54699
1576;0.54969907
1577;0.2970483
1578;0.5092531
1579;0.22082733
1580;0.4146764
1581;0.26670462
1582;0.5198459
1583;0.8931542
1584;0.7354555
1585;0.5316674
1586;0.39563465
1587;0.5314247
1588;0.5476343
1589;0.25346664
1590;0.5037518
1591;0.48937425
1592;0.47690845
1593;0.4726673
1594;0.79023176
1595;0.23917359
1596;0.39936593
1597;0.6410522
1598;0.34376857
1599;0.51781267
1600;0.5068919
1601;0.29330435
1602;0.40637282
1603;0.26335073
1604;0.5153819
1605;0.75077146
1606;0.46833813
1607;0.23200871
1608;0.45761085
1609;0.43684658
1610;0.3144348
1611;0.2612693
1612;0.50866544
1613;0.40382004
1614;0.33554664
1615;0.7896538
1616;0.70861673
1617;1.0672773
1618;0.23073077
1619;0.23572259
1620;0.2395436
1621;0.45197025
1622;0.44491386
1623;0.65253717
1624;0.37067237
1625;0.4068942
1626;0.60758805
1627;0.26074106
1628;0.7045455
1629;0.27369308
1630;0.27776024
1631;0.5616762
1632;0.28093743
1633;0.24265282
1634;0.2595571
1635;0.5101345
1636;0.68065524
1637;0.47890922
1638;0.4572834
1639;0.51905274
1640;0.721787
1641;0.5320917
1642;0.47450098
1643;0.50175285
1644;0.45725286
1645;0.31664163
1646;0.29330188
1647;0.23351698
1648;0.300338
1649;0.5171636
1650;0.47958437
1651;0.39312664
1652;0.48778477
1653;1.0600406
1654;0.50814515
1655;0.6092348
1656;0.51588696
1657;0.55016005
1658;0.4250296
1659;0.5254232
1660;0.5944457
1661;0.37225103
1662;0.36679614
1663;0.47646514
1664;0.45839977
1665;0.21308883
1666;0.4420515
1667;0.48422095
1668;0.42941117
1669;1.0899426
1670;0.66020375
1671;0.3278003
1672;0.6536222
1673;0.25210786
1674;0.9887683
1675;0.27530628
1676;0.33135024
1677;0.30366626
1678;0.27393505
1679;0.23420471
1680;0.29463008
1681;0.34766856
1682;0.3130829
1683;0.5024767
1684;0.32079756
1685;0.29450074
1686;0.54483646
1687;0.55671674
1688;0.25291428
1689;0.48378253
1690;0.25123492
1691;0.55561286
1692;0.47077927
1693;0.32098514
1694;0.8152113
1695;0.6476843
1696;0.3141323
1697;0.43003964
1698;0.64963394
1699;0.46540785
1700;0.38981128
1701;0.4601462
1702;0.51673484
1703;0.49101862
1704;0.7750284
1705;0.49710932
1706;0.242018
1707;0.4587793
1708;0.22133212
1709;0.21896435
1710;0.5640585
1711;0.29649457
1712;0.6506991
1713;0.47019258
1714;0.27093434
1715;0.2243719
1716;0.7825838
1717;0.85523456
1718;0.6987179
1719;0.7395269
1720;0.8377529
1721;0.6183017
1722;0.7901495
1723;1.0878189
1724;0.70853883
1725;0.8471119
1726;0.8166105
1727;0.21996696
1728;0.22701664
1729;0.3077915
1730;0.49538758
1731;0.4391215
1732;0.2676454
1733;0.5312162
1734;0.307255
1735;0.42212126
1736;0.4697797
1737;0.3864448
1738;0.4178884
1739;0.6983893
1740;0.44448087
1741;0.46470246
1742;0.7205792
1743;0.9178548
1744;0.3865035
1745;0.43141317
1746;0.26959407
1747;0.62506044
1748;0.46556112
1749;0.50649446
1750;0.3303065
1751;0.34109244
1752;0.4638513
1753;0.34827423
1754;0.6751806
1755;0.8287466
1756;0.45587078
1757;0.70233816
1758;0.36796284
1759;0.3108946
1760;0.31807438
1761;0.40765604
1762;0.38691774
1763;0.2780365
1764;0.4065348
1765;0.58806
1766;0.322951
1767;0.3756063
1768;0.5337272
1769;0.40108976
1770;0.34005514
1771;0.29197344
1772;0.33375272
1773;0.6657885
1774;0.31401968
1775;0.5397498
1776;0.49712452
1777;0.48892412
1778;0.4207554
1779;0.43345132
1780;1.1014031
1781;0.21599638
1782;0.49731466
1783;0.23072064
1784;0.48926106
1785;0.3921516
1786;0.40048113
1787;0.23339152
1788;0.49022138
1789;0.44296327
1790;0.2508169
1791;0.65878177
1792;0.2991692
1793;0.5291724
1794;0.3494235
1795;0.5252332
1796;0.6848654
1797;0.2372849
1798;0.2982234
1799;0.25178564
1800;0.8756933
1801;0.24929394
1802;0.5662585
1803;0.3150586
1804;0.23371458
1805;0.60269374
1806;0.21561837
1807;0.3735601
1808;0.8677028
1809;0.21113801
1810;0.5167982
1811;0.59592336
1812;0.9398637
1813;0.24747716
1814;0.55859447
1815;0.34237874
1816;0.4336877
1817;0.670649
1818;0.25643456
1819;0.630398
1820;0.5148666
1821;0.59868544
1822;0.6058226
1823;0.69830936
1824;0.6794346
1825;0.5536898
1826;0.71434087
1827;1.1658696
1828;0.9623117
1829;0.43938062
1830;0.25141972
1831;0.3189642
1832;0.6625851
1833;0.8241833
1834;0.4964434
1835;1.0816413
1836;0.39392814
1837;0.34517017
1838;0.2575331
1839;0.6815584
1840;0.3795621
1841;0.7925396
1842;0.81188613
1843;0.30510285
1844;0.35912895
1845;0.3673598
1846;0.33307874
1847;0.3625218
1848;0.4104797
1849;0.4516195
1850;0.4479216
1851;0.5161554
1852;0.5419007
1853;0.39442804
1854;0.5222935
1855;0.5077129
1856;0.50554395
1857;0.44506922
1858;0.34320223
1859;0.35656476
1860;0.4784179
1861;0.38763085
1862;0.2813543
1863;0.6177736
1864;0.44721004
1865;0.32410422
1866;0.33475104
1867;0.45305502
1868;0.2967522
1869;0.40394676
1870;0.31644347
1871;1.0917636
1872;0.76738673
1873;0.45879266
1874;0.3315692
1875;0.46478066
1876;0.3610241
1877;0.3744414
1878;0.39585876
1879;0.32089606
1880;0.4621947
1881;0.2917092
1882;0.26987606
1883;0.747816
1884;0.20640433
1885;0.29692164
1886;0.34834775
1887;0.35463557
1888;0.49846196
1889;0.26552325
1890;0.61938685
1891;0.20452775
1892;0.42260477
1893;0.43391803
1894;0.56917423
1895;0.19973873
1896;0.37797913
1897;0.37751433
1898;0.75832033
1899;0.49861416
1900;0.36285695
1901;0.25158304
1902;0.33361483
1903;0.34958184
1904;0.47841644
1905;0.477981
1906;0.2926315
1907;0.38890576
1908;0.37866247
1909;0.5566215
1910;0.4362692
1911;0.97351354
1912;0.57552284
1913;0.4975781
1914;0.27061203
1915;0.8556319
1916;0.2882358
1917;0.38889933
1918;0.63884664
1919;0.19624066
1920;0.4401686
1921;0.5348616
1922;0.43066588
1923;0.3671628
1924;0.2883599
1925;0.2862939
1926;0.7473522
1927;0.57733744
1928;0.30679834
1929;0.21059673
1930;0.5114376
1931;0.5234508
1932;0.19719203
1933;0.51868695
1934;0.5878541
1935;0.8877006
1936;0.47952756
1937;0.5173447
1938;0.29984164
1939;0.32703042
1940;0.6766164
1941;0.26699916
1942;0.27723014
1943;0.92720294
1944;0.19616385
1945;0.6078784
1946;0.40340137
1947;0.48624325
1948;0.3389726
1949;0.51650137
1950;0.5407844
1951;0.48935238
1952;0.7755076
1953;0.5050715
1954;0.448742
1955;0.43005264
1956;0.35887048
1957;0.34047222
1958;0.3339653
1959;0.40685156
1960;0.37960085
1961;0.19487596
1962;0.31104997
1963;0.21545677
1964;0.7170577
1965;0.23673308
1966;0.18986905
1967;0.2470537
1968;0.3411294
1969;1.0376462
1970;0.22827101
1971;0.274717
1972;0.67539304
1973;0.45397317
1974;0.19872445
1975;0.9905839
1976;0.2743915
1977;0.22627056
1978;0.56105083
1979;0.3706398
1980;0.47906145
1981;0.5406508
1982;0.3061284
1983;0.19789203
1984;0.23518176
1985;0.6767788
1986;0.53026885
1987;0.5174238
1988;0.27941397
1989;0.59812325
1990;0.41778016
1991;0.37512776
1992;0.5443358
1993;0.20830037
1994;0.59879
1995;0.43875632
1996;0.6286564
1997;0.50312334
1998;0.20515215
1999;0.32813534
2000;0.56580967
2001;0.7245493
2002;0.22381324
2003;0.40651533
2004;0.400036
2005;0.32807383
2006;0.3204845
2007;0.5650751
2008;0.27619335
2009;0.18168016
2010;0.17648403
2011;0.9981635
2012;0.3228086
2013;0.5535919
2014;0.18295848
2015;0.6442185
2016;0.2872058
2017;0.1715852
2018;0.46797404
2019;0.28538212
2020;0.5897271
2021;0.7486102
2022;0.5589206
2023;0.37273285
2024;0.65856224
2025;0.8517966
2026;0.42563733
2027;0.25725138
2028;0.9285973
2029;0.6061798
2030;0.3099289
2031;0.630416
2032;0.38952196
2033;0.29897118
2034;0.5738868
2035;0.31514144
2036;0.5455843
2037;0.2686421
2038;0.16218384
2039;0.3639234
2040;0.50384986
2041;0.51373637
2042;0.27375096
2043;0.41972923
2044;0.30998072
2045;0.4481548
2046;0.56654286
2047;0.32755786
2048;0.39340147
2049;0.7941095
2050;0.25232795
2051;0.4102846
2052;0.2669064
2053;0.5961333
2054;0.8297079
2055;0.73246557
2056;0.49891457
2057;1.1287041
2058;0.28528193
2059;0.17722094
2060;0.17915809
2061;0.20096584
2062;0.49939644
2063;0.20635487
2064;0.46793267
2065;0.19566578
2066;0.40671334
2067;0.22134997
2068;0.17679413
2069;0.28280565
2070;0.51001006
2071;0.28081378
2072;0.43504426
2073;0.78941697
2074;0.46704757
2075;0.34834945
2076;0.73071295
2077;0.6759159
2078;0.37505555
2079;0.48935542
2080;0.6769896
2081;0.44185248
2082;0.29326773
2083;0.74941605
2084;0.16598746
2085;0.33218774
2086;0.46031472
2087;0.29051802
2088;0.15050383
2089;0.59726644
2090;0.8390061
2091;0.43591413
2092;1.0457374
2093;0.9121278
2094;1.0635353
2095;0.6594206
2096;0.68139267
2097;0.7435009
2098;0.15471399
2099;0.22868979
2100;0.60986847
2101;0.4944683
2102;0.6036765
2103;0.3798813
2104;0.4871389
2105;0.22997671
2106;0.70212704
2107;0.5640033
2108;0.18582146
2109;0.24399863
2110;0.5308399
2111;0.23346286
2112;0.46643934
2113;0.5534652
2114;0.5014887
2115;0.47825822
2116;0.24727996
2117;0.3474507
2118;0.33085796
2119;0.45449015
2120;0.6533134
2121;0.61000687
2122;0.2770509
2123;0.15377401
2124;0.3119151
2125;0.7589009
2126;0.610629
2127;0.5822428
2128;0.2631702
2129;0.15708871
2130;0.5377541
2131;0.29975435
2132;0.48598942
2133;0.45789194
2134;0.3476329
2135;0.3388205
2136;0.148407
2137;0.5640296
2138;1.0229238
2139;0.63214403
2140;0.48748207
2141;0.56113786
2142;0.74771994
2143;0.20591319
2144;0.2724841
2145;0.5895262
2146;1.2918135
2147;0.57996917
2148;0.23007244
2149;0.17177022
2150;0.20877594
2151;0.57304686
2152;0.29444063
2153;0.6582493
2154;0.15882437
2155;0.6897335
2156;0.38745582
2157;0.37443098
2158;0.6928523
2159;0.9724209
2160;0.4179101
2161;0.3379372
2162;1.2582293
2163;0.25618246
2164;0.4907469
2165;0.4697517
2166;0.34302795
2167;0.7206928
2168;0.3010172
2169;0.19910254
2170;0.92570704
2171;0.54171497
2172;0.5898941
2173;0.19613624
2174;1.0884628
2175;0.24910635
2176;0.1923831
2177;0.21423145
2178;0.34457842
2179;0.3384427
2180;0.29544598
2181;0.4386743
2182;0.706079
2183;0.3317298
2184;0.30196068
2185;0.20860946
2186;0.30139872
2187;0.19149964
2188;0.27613696
2189;0.24124719
2190;0.49184576
2191;0.38875532
2192;0.3411019
2193;0.3674209
2194;0.8891163
2195;0.49528894
2196;0.37565693
2197;0.5051136
2198;0.28851944
2199;0.25939897
2200;0.33307838
2201;0.39821544
2202;0.16376834
2203;0.22668116
2204;0.38312364
2205;0.7302806
2206;0.51617855
2207;0.42376196
2208;0.2347353
2209;0.29462543
2210;0.15980674
2211;0.26548573
2212;0.2618266
2213;0.6171896
2214;0.2780759
2215;0.71953243
2216;0.35176465
2217;0.18586655
2218;0.6987791
2219;0.67469186
2220;0.57053906
2221;0.42581448
2222;0.27531317
2223;0.6084929
2224;0.6637931
2225;0.25354186
2226;0.3266715
2227;0.45753917
2228;0.17648613
2229;1.0172645
2230;0.3930848
2231;0.7634242
2232;0.35717258
2233;0.5591299
2234;0.46336457
2235;0.24645571
2236;0.35078868
2237;0.64170283
2238;0.71356565
2239;0.16959774
2240;0.15396892
2241;0.21187961
2242;0.3499855
2243;0.4343805
2244;0.4201856
2245;0.22569709
2246;0.1635989
2247;0.46976247
2248;0.18227422
2249;0.48780417
2250;0.31406748
2251;0.3015292
2252;0.58359843
2253;0.551587
2254;0.4587678
2255;1.0585123
2256;0.3078684
2257;0.6863529
2258;0.656332
2259;0.23139562
2260;0.30549884
2261;1.5582479
2262;0.1725729
2263;0.4503033
2264;0.22405966
2265;0.43562713
2266;0.28837505
2267;0.32771227
2268;0.3356525
2269;0.56628364
2270;0.2652954
2271;1.00641
2272;0.20557976
2273;0.56134886
2274;0.7483704
2275;0.3279386
2276;0.15701522
2277;0.18972926
2278;0.34204116
2279;0.6853399
2280;0.16526915
2281;0.2203099
2282;0.58527666
2283;0.6617504
2284;0.47708893
2285;0.43856785
2286;0.2844924
2287;0.6996939
2288;0.4293894
2289;0.33511186
2290;0.27162543
2291;0.36814618
2292;0.28190154
2293;0.16127624
2294;0.6995919
2295;0.22517776
2296;0.20678459
2297;0.57678086
2298;1.0997692
2299;0.7408824
2300;1.0328532
2301;0.44297636
2302;0.24799895
2303;0.20902725
2304;0.3150169
2305;0.58231074
2306;0.3706552
2307;0.60819405
2308;0.31816807
2309;0.59753484
2310;0.21217744
2311;0.27657434
2312;0.4748232
2313;0.68596727
2314;0.4454409
2315;0.37773
2316;0.59593993
2317;0.65290606
2318;0.3837229
2319;0.5407216
2320;0.6201144
2321;0.49934745
2322;0.35359725
2323;0.6571332
2324;0.6040419
0;0.644598
1;0.20023568
2;0.20663047
3;0.31308404
4;0.5729938
5;0.31621695
6;0.7270274
7;0.30832466
8;0.619446
9;0.44129422
10;0.6039911
11;0.56645125
12;0.26643395
13;0.60957575
14;0.22500838
15;0.32443842
16;0.581201
17;0.37757167
18;0.25300133
19;0.45961276
20;0.3255768
21;0.480863
22;0.23205133
23;0.60982937
24;0.6436465
25;0.43429807
26;0.70314735
27;0.41734943
28;0.47925746
29;0.19408756
30;0.30162188
31;0.24707536
32;0.55463094
33;0.87766385
34;0.7463339
35;0.53204554
36;0.3544537
37;0.58481497
38;0.411083
39;0.18411748
40;0.51550835
41;0.5060978
42;0.31178188
43;0.37505797
44;0.8811214
45;0.18675362
46;0.34454545
47;0.6724284
48;0.26229805
49;0.5305627
50;0.5092593
51;0.2386899
52;0.23919903
53;0.21603526
54;0.42733833
55;0.59243506
56;0.42796925
57;0.18708833
58;0.47348
59;0.4753782
60;0.25435865
61;0.21949081
62;0.29452762
63;0.24361713
64;0.29910442
65;0.6844909
66;0.70530444
67;1.0323042
68;0.32034132
69;0.19071613
70;0.19912718
71;0.33376017
72;0.2911887
73;0.47889638
74;0.3645061
75;0.44856605
76;0.34012628
77;0.39875302
78;0.67053443
79;0.18368874
80;0.31296226
81;0.6581985
82;0.28516823
83;0.19804557
84;0.17840298
85;0.5071855
86;0.6664331
87;0.45653057
88;0.40274656
89;0.576237
90;0.60142726
91;0.5228605
92;0.5512066
93;0.25278088
94;0.3784801
95;0.22487397
96;0.22260801
97;0.18457799
98;0.25484422
99;0.3114757
100;0.43283638
101;0.3429455
102;0.48029962
103;0.98688674
104;0.50264627
105;0.5636534
106;0.5107052
107;0.4974705
108;0.34374323
109;0.537669
110;0.585435
111;0.2802507
112;0.23692544
113;0.4782292
114;0.4017291
115;0.19589724
116;0.39723217
117;0.43801522
118;0.41778934
119;1.303373
120;0.60684776
121;0.396656
122;0.70982856
123;0.29953805
124;0.97423345
125;0.20334105
126;0.2554808
127;0.23690479
128;0.21669412
129;0.19481695
130;0.29676583
131;0.40365052
132;0.22546804
133;0.4948865
134;0.23257606
135;0.36508647
136;0.57443327
137;0.52324104
138;0.23738723
139;0.49305424
140;0.19292092
141;0.56178194
142;0.39874944
143;0.28164092
144;0.92965126
145;0.7346649
146;0.4136617
147;0.36985585
148;0.5876563
149;0.4982295
150;0.34082326
151;0.4741578
152;0.36879143
153;0.5155673
154;0.78926486
155;0.3241231
156;0.30388474
157;0.56323904
158;0.35490415
159;0.40133163
160;0.49184433
161;0.16627996
162;0.36614895
163;0.6645985
164;0.2535362
165;0.30451617
166;0.53547925
167;0.7442382
168;0.72125834
169;0.3592356
170;0.19618218
171;0.36037326
172;0.34210065
173;0.36302853
174;0.98548204
175;0.26553106
176;0.73389786
177;0.17393117
178;0.15790738
179;0.3012819
180;0.38791177
181;0.44828093
182;0.21057491
183;0.47996414
184;0.35467234
185;0.40734434
186;0.5443035
187;0.2700313
188;0.40349874
189;0.71208984
190;0.3255713
191;0.38377836
192;0.8436412
193;0.8514978
194;0.2822454
195;0.2888172
196;0.24355161
197;0.394032
198;0.384775
199;0.5073385
200;0.2885074
201;0.29555488
202;0.5089494
203;0.23571758
204;0.5836134
205;0.5747737
206;0.24612324
207;0.8562812
208;0.29606032
209;0.18324937
210;0.30170193
211;0.5694373
212;0.28599024
213;0.2163204
214;0.40558717
215;0.42958143
216;0.19900028
217;0.27261773
218;0.5224569
219;0.2475025
220;0.19372278
221;0.23013563
222;0.2581816
223;0.82283336
224;0.1677093
225;0.4712814
226;0.4546088
227;0.48336363
228;0.4210339
229;0.50318915
230;1.0358199
231;0.15579246
232;0.45849276
233;0.18279235
234;0.4402535
235;0.42468643
236;0.47043428
237;0.18206972
238;0.4148202
239;0.45512918
240;0.144047
241;0.6454534
242;0.24478261
243;0.45363212
244;0.32013744
245;0.4812292
246;0.6608733
247;0.18745811
248;0.28206673
249;0.13811423
250;0.9608815
251;0.19171874
252;0.32930908
253;0.20627142
254;0.20668304
255;0.513938
256;0.13479958
257;0.36326647
258;0.91014725
259;0.1421326
260;0.46633258
261;0.48970523
262;0.49832332
263;0.2399311
264;0.59586376
265;0.27372074
266;0.31482422
267;0.6068508
268;0.2897938
269;0.6512342
270;0.3256736
271;0.48265353
272;0.39334285
273;0.79062104
274;0.594897
275;0.3959472
276;0.4964644
277;0.59199846
278;0.50132984
279;0.24124092
280;0.34471235
281;0.19996595
282;0.27104524
283;1.0005808
284;0.31848407
285;0.593371
286;0.8616201
287;0.15322168
288;0.34098396
289;0.5001226
290;0.20170592
291;0.23460533
292;0.2867035
293;0.36637583
294;0.19273257
295;0.29688478
296;0.2577908
297;0.41639647
298;0.23669046
299;0.5255827
300;0.65497756
301;0.41353992
302;0.57155323
303;0.32001442
304;0.45353904
305;0.4720962
306;0.23907362
307;0.46614566
308;0.19374962
309;0.4041965
310;0.39938045
311;0.33467892
312;0.22171915
313;0.58285075
314;0.26482907
315;0.29321018
316;0.25147197
317;0.25706086
318;0.2534163
319;0.29028088
320;0.2674037
321;1.1506964
322;0.7941548
323;0.42735323
324;0.24011594
325;0.38047257
326;0.23455411
327;0.34234166
328;0.29864928
329;0.22194846
330;0.46736717
331;0.2285928
332;0.15959434
333;0.87288505
334;0.13915189
335;0.19219632
336;0.2086826
337;0.2343605
338;0.41357407
339;0.18222821
340;0.82973474
341;0.13859017
342;0.3850647
343;0.37196112
344;0.5499384
345;0.13881594
346;0.5122475
347;0.37142095
348;0.75216895
349;0.5716763
350;0.30935952
351;0.20457931
352;0.33626875
353;0.2848358
354;0.4881419
355;0.41950247
356;0.15577054
357;0.32675382
358;0.38244477
359;0.68460196
360;0.439705
361;0.7167178
362;0.5194654
363;0.55216837
364;0.18531775
365;0.76135445
366;0.27450243
367;0.31815192
368;0.6242177
369;0.15575457
370;0.4101698
371;0.49401507
372;0.30134904
373;0.45069528
374;0.24816312
375;0.16763312
376;0.87951523
377;0.62066287
378;0.22560902
379;0.18814588
380;0.4613023
381;0.54010016
382;0.14892605
383;0.54657304
384;0.9003134
385;0.5414075
386;0.30959
387;0.60393095
388;0.258799
389;0.70894676
390;0.68944
391;0.29895177
392;0.19067244
393;1.1317841
394;0.1362931
395;0.6940523
396;0.30948877
397;0.13331968
398;0.3678333
399;0.43892846
400;0.5787452
401;0.5024567
402;0.7464904
403;0.48715615
404;0.38692656
405;0.43897185
406;0.39019737
407;0.2602748
408;0.23497719
409;0.27114162
410;0.4312996
411;0.15258835
412;0.19552219
413;0.16084288
414;0.68283534
415;0.12751919
416;0.09757612
417;0.18690644
418;0.30871224
419;1.3559393
420;0.17899114
421;0.18855177
422;0.6069457
423;0.42964807
424;0.14636992
425;1.0076431
426;0.20376138
427;0.1996007
428;0.42357513
429;0.27867258
430;0.44868588
431;0.511753
432;0.25276986
433;0.15418679
434;0.17356114
435;0.582783
436;0.5111535
437;0.46773973
438;0.23161952
439;0.5441337
440;0.35002005
441;0.3786396
442;0.44901028
443;0.16835324
444;0.58709764
445;0.4410232
446;0.67101294
447;0.4827827
448;0.15297557
449;0.24856837
450;0.5486318
451;1.2267821
452;0.1797523
453;0.6222287
454;0.3371489
455;0.27039555
456;0.31507656
457;0.57562566
458;0.21304916
459;0.14509608
460;0.13684024
461;1.0328931
462;0.27633777
463;0.66796666
464;0.14216663
465;0.67828554
466;0.19177862
467;0.13924176
468;0.5392832
469;0.1655684
470;0.5274813
471;0.8327686
472;0.52649736
473;0.15827544
474;0.7351167
475;0.7785019
476;0.37311116
477;0.19214119
478;0.86113876
479;0.5586625
480;0.215626
481;0.39629504
482;0.3101165
483;0.38429764
484;0.15783179
485;0.42010763
486;0.3154694
487;0.2747893
488;0.12271894
489;0.21409674
490;0.64318454
491;0.39586934
492;0.20274554
493;0.73907715
494;0.720195
495;0.29652163
496;1.1617194
497;0.14701486
498;0.16056065
499;1.4286691
500;0.24393737
501;0.46956727
502;0.22034627
503;0.670244
504;0.83791286
505;0.8664282
506;0.52204794
507;1.1075982
508;0.17427063
509;0.16335988
510;0.1306087
511;0.14252086
512;0.43152273
513;0.20503832
514;0.67393297
515;0.1488803
516;0.29866636
517;0.17226815
518;0.14192484
519;0.33960405
520;0.5836442
521;0.32347295
522;0.5577404
523;0.28429565
524;0.38151455
525;0.27740553
526;0.61956745
527;0.64336634
528;0.39162067
529;0.42581537
530;0.64199597
531;0.36705145
532;0.26092914
533;0.78576803
534;0.17500125
535;0.2999101
536;0.38531747
537;0.27625403
538;0.13669348
539;0.5938639
540;0.78334665
541;0.3624227
542;1.088442
543;0.54363257
544;1.021689
545;0.6261012
546;0.14530177
547;0.6156083
548;0.14111824
549;0.19380124
550;0.59675974
551;0.51964706
552;0.651249
553;0.25892794
554;0.8806898
555;0.27893022
556;0.62623525
557;0.79119253
558;0.16852635
559;0.22685875
560;0.57464933
561;0.17892976
562;0.19804619
563;0.497768
564;0.30878338
565;0.38314834
566;0.26896778
567;0.27501985
568;0.22677799
569;0.34069368
570;0.55351144
571;0.6248521
572;0.22168241
573;0.13068472
574;0.21841149
575;0.5903483
576;0.5854609
577;0.56511194
578;0.22163503
579;0.12983964
580;0.5252361
581;0.39390877
582;0.13337453
583;0.4595822
584;0.26579055
585;0.2821685
586;0.12984218
587;0.5121291
588;0.9324891
589;0.58138776
590;0.44992593
591;0.55620927
592;0.2989158
593;0.18913363
594;0.36408567
595;0.39460537
596;1.1043733
597;0.47524917
598;0.19149478
599;0.15478976
600;0.18099557
601;0.7546522
602;0.40320134
603;0.63716674
604;0.1410625
605;0.7094474
606;0.36065722
607;0.35078478
608;0.6361829
609;0.97483253
610;0.4208732
611;0.29217085
612;1.1201423
613;0.23472254
614;0.4383532
615;0.38893017
616;0.2289672
617;0.74756783
618;0.22273909
619;0.2285041
620;0.63856024
621;0.4338257
622;0.49071154
623;0.18091063
624;0.99531436
625;0.21594489
626;0.17864954
627;0.20044108
628;0.47607723
629;0.2520433
630;0.2108049
631;0.4219028
632;0.52276266
633;0.2234741
634;0.27275884
635;0.1867209
636;0.18423243
637;0.19125783
638;0.17488708
639;0.22537786
640;0.5273023
641;0.3307444
642;0.28155518
643;0.29373
644;0.9625797
645;0.4396061
646;0.2813932
647;0.5881955
648;0.19465733
649;0.30217507
650;0.23480976
651;0.5442259
652;0.1543274
653;0.1885621
654;0.33225682
655;0.7038056
656;0.48151144
657;0.36678454
658;0.19749017
659;0.33343732
660;0.14369637
661;0.18851745
662;0.22597957
663;0.5665476
664;0.21996368
665;0.76207286
666;0.26478243
667;0.13659869
668;0.7312305
669;0.70971626
670;0.5680402
671;0.557875
672;0.41638458
673;0.7659642
674;0.66250795
675;0.27293608
676;0.36226654
677;0.26703703
678;0.15825443
679;1.0832123
680;0.30775675
681;0.7615385
682;0.30226535
683;0.5344108
684;0.43442154
685;0.265874
686;0.2579751
687;0.615488
688;0.7800877
689;0.15504737
690;0.13874328
691;0.1905297
692;0.26065758
693;0.30465353
694;0.2844275
695;0.24012901
696;0.14250165
697;0.4648726
698;0.17412049
699;0.4158484
700;0.22232968
701;0.21366356
702;0.572778
703;0.53253025
704;0.5088361
705;0.9987342
706;0.2618012
707;0.6181405
708;0.589536
709;0.2650136
710;0.20978387
711;1.2220039
712;0.1515702
713;0.48094618
714;0.18905973
715;0.41940156
716;0.21812372
717;0.2715298
718;0.2187509
719;0.5760109
720;0.17391701
721;0.98504907
722;0.15421623
723;0.4391402
724;0.689192
725;0.36445013
726;0.13465162
727;0.19392581
728;0.28467762
729;0.69406694
730;0.16573615
731;0.22749186
732;0.50746995
733;0.56443554
734;0.39366636
735;0.33859554
736;0.2338258
737;0.48990408
738;0.41769347
739;0.31137386
740;0.51180476
741;0.285215
742;0.32132494
743;0.1497827
744;0.67181426
745;0.20474559
746;0.22327517
747;0.56693554
748;0.67689085
749;0.48152757
750;0.98316383
751;0.3906182
752;0.2418663
753;0.28356475
754;0.2266361
755;0.22150326
756;0.17895766
757;0.6004519
758;0.2203437
759;0.60323834
760;0.17743967
761;0.22254331
762;0.3721937
763;0.15128255
764;0.2402447
765;0.32327953
766;0.68431735
767;0.758378
768;0.3081808
769;0.5465553
770;0.71276003
771;0.32468322
772;0.2521528
773;0.7202828
774;0.61751837
775;0.67321086
776;0.13651316
777;0.16240118
778;0.21546774
779;0.5013526
780;0.53112847
781;0.66951925
782;0.2153274
783;0.2712642
784;0.44723392
785;0.43758142
786;0.5266045
787;0.19651616
788;0.627036
789;0.18632746
790;0.21057095
791;0.54776937
792;0.31911734
793;0.1705016
794;0.4359952
795;0.25432658
796;0.30781165
797;0.16116078
798;0.5306623
799;0.4055048
800;0.3900944
801;0.57154006
802;0.23962902
803;0.54391307
804;0.15623374
805;0.25250718
806;0.51583856
807;0.49655876
808;0.9432206
809;0.7650706
810;0.50416416
811;0.42660046
812;0.25186113
813;0.3791288
814;0.15489148
815;0.47890863
816;0.23037033
817;0.3466806
818;0.23178943
819;0.8981568
820;0.16828597
821;0.22227566
822;0.7453826
823;0.18286371
824;0.5455596
825;0.5455074
826;0.20987165
827;0.16066568
828;0.1777929
829;0.22564702
830;0.43724337
831;0.35186076
832;0.1670581
833;0.4585166
834;0.40781507
835;0.23599243
836;0.2215843
837;0.23415475
838;0.22625726
839;0.30405018
840;0.66773844
841;0.753998
842;1.2554449
843;0.350144
844;0.1722254
845;0.16995789
846;0.21855731
847;0.20751977
848;0.58933014
849;0.24129917
850;0.32038006
851;0.36681685
852;0.5106038
853;0.6575691
854;0.1287624
855;0.21102847
856;0.6719308
857;0.18326394
858;0.16573663
859;0.15824397
860;0.36247292
861;0.68928033
862;0.31576952
863;0.4248921
864;0.52166027
865;0.1825192
866;0.5918638
867;0.5326524
868;0.51508826
869;0.36703292
870;0.17380334
871;0.15265758
872;0.14464714
873;0.23013115
874;0.54674935
875;0.459749
876;0.2202649
877;0.4887677
878;0.919136
879;0.53656584
880;0.72450113
881;0.48892283
882;0.51279527
883;0.25348598
884;0.43071982
885;0.56977814
886;0.23150225
887;0.20874144
888;0.30361208
889;0.774906
890;0.099006854
891;0.90169555
892;0.17733224
893;0.5257773
894;0.45718685
895;0.94741535
896;1.0842528
897;1.1637425
898;0.6344717
899;1.3926344
900;0.31236252
901;0.24646764
902;0.18328214
903;0.7313664
904;0.19605112
905;0.612138
906;0.19999224
907;0.2964672
908;0.23074983
909;0.29985046
910;0.26250136
911;0.21750093
912;0.6780348
913;0.20439082
914;0.22387171
915;0.21309054
916;0.27151135
917;0.5914399
918;0.23234631
919;0.86069804
920;0.7186616
921;0.24597554
922;0.41560635
923;0.26207754
924;0.50871676
925;0.2854638
926;0.38458166
927;0.32164165
928;0.5480564
929;0.78328294
930;0.3154312
931;0.2764587
932;0.73835564
933;0.43488947
934;0.46771097
935;0.36432052
936;0.11404099
937;0.22361799
938;0.55170804
939;0.2750602
940;0.25996518
941;0.33468738
942;0.7675101
943;0.69635314
944;0.34776294
945;0.17118926
946;0.24441113
947;0.40932703
948;0.29465714
949;0.8332358
950;0.2398446
951;0.6599568
952;0.12362116
953;0.14178866
954;0.31330454
955;0.323567
956;0.4098023
957;0.16870843
958;0.48085937
959;0.23328865
960;0.38667116
961;0.58125824
962;0.19878282
963;0.3235046
964;0.66618794
965;0.23608835
966;0.36370254
967;0.8312934
968;0.830623
969;0.25454178
970;0.22153448
971;0.20469655
972;0.5037926
973;0.30207595
974;0.49131498
975;0.2610524
976;0.21376707
977;0.5920994
978;0.19756462
979;0.57838726
980;0.569796
981;0.17331803
982;0.84917235
983;0.2706903
984;0.13205867
985;0.20024705
986;0.22336774
987;0.26650685
988;0.18436639
989;0.37830496
990;0.2499441
991;0.1593069
992;0.1945615
993;0.5496709
994;0.17401372
995;0.14897634
996;0.18428439
997;0.17859901
998;0.704325
999;0.13683645
1000;0.4486947
1001;0.51476413
1002;0.38932052
1003;0.5714629
1004;0.41439733
1005;0.98523
1006;0.09718283
1007;0.49524245
1008;0.16021855
1009;0.5143373
1010;0.2380959
1011;0.40804064
1012;0.13709499
1013;0.21780945
1014;0.30629578
1015;0.122862585
1016;0.31726113
1017;0.24267404
1018;0.5730291
1019;0.49641111
1020;0.525487
1021;0.606155
1022;0.14536776
1023;0.15785594
1024;0.11472273
1025;0.19488697
1026;0.1692853
1027;0.25934398
1028;0.19190687
1029;0.11618253
1030;0.3814865
1031;0.09674656
1032;0.23415971
1033;1.0232112
1034;0.09381032
1035;0.287019
1036;0.42483127
1037;0.3797203
1038;0.5431899
1039;0.7718958
1040;0.25854722
1041;0.39315867
1042;0.335085
1043;0.115867175
1044;0.71307224
1045;0.35284296
1046;0.594299
1047;0.6191993
1048;0.72426057
1049;1.060127
1050;0.58083695
1051;0.6607194
1052;1.0035642
1053;0.6528701
1054;0.2134734
1055;0.2571677
1056;0.14496551
1057;0.198012
1058;0.96638066
1059;0.18737864
1060;0.60317844
1061;1.0142177
1062;0.10128077
1063;0.34633467
1064;0.4179587
1065;0.14579196
1066;0.20665711
1067;0.18642493
1068;0.4925162
1069;0.13680016
1070;0.24307765
1071;0.19047968
1072;0.5450411
1073;0.19353019
1074;0.6028621
1075;0.7546533
1076;0.28951335
1077;0.54040915
1078;0.53893125
1079;0.55177385
1080;0.51848096
1081;0.37000275
1082;0.37500498
1083;0.15458065
1084;0.23436238
1085;0.40013924
1086;0.2380188
1087;0.16407628
1088;0.5964646
1089;0.18675625
1090;0.36231032
1091;0.1787405
1092;0.13616668
1093;0.53347164
1094;0.16935456
1095;0.66352576
1096;0.8106654
1097;0.2982623
1098;0.65260047
1099;0.6842868
1100;0.5105073
1101;0.11720549
1102;0.37697098
1103;0.20753467
1104;0.25973293
1105;0.56709945
1106;0.17459242
1107;0.6154848
1108;0.5311322
1109;0.15751022
1110;0.14078017
1111;0.18995978
1112;0.22405992
1113;0.5663575
1114;0.14375854
1115;0.7146271
1116;0.1541486
1117;0.31887147
1118;0.35131082
1119;0.62383497
1120;0.14110811
1121;0.26196098
1122;0.26408005
1123;0.76362497
1124;0.2951323
1125;0.2729595
1126;0.21734667
1127;0.4158397
1128;0.21046205
1129;0.36181736
1130;0.45854127
1131;0.2026595
1132;0.3307525
1133;0.51564187
1134;0.6884331
1135;0.33465767
1136;0.747107
1137;0.20796068
1138;0.64039415
1139;0.16063128
1140;0.7256782
1141;0.32136774
1142;0.26168802
1143;0.72572684
1144;0.12810375
1145;0.37365016
1146;0.28131536
1147;0.2603441
1148;0.5084457
1149;0.19403096
1150;0.12913923
1151;1.1270733
1152;0.7093694
1153;0.20594919
1154;0.14515238
1155;0.5038877
1156;0.1886452
1157;0.11779189
1158;0.24588309
1159;0.7011942
1160;0.3690153
1161;0.68295646
1162;0.3286233
1163;0.19476867
1164;0.39380884
1165;0.7024536
1166;0.2100165
1167;0.13918565
1168;1.3013864
1169;0.09697213
1170;0.6807944
1171;0.29604664
1172;0.098874174
1173;0.3197098
1174;0.39958462
1175;0.7182358
1176;0.46413612
1177;0.32518014
1178;0.58054435
1179;0.33170578
1180;0.31697425
1181;0.23953497
1182;0.27827236
1183;0.18423186
1184;0.24276328
1185;0.1338443
1186;0.11876585
1187;0.16947383
1188;0.12091074
1189;0.5877957
1190;0.1376511
1191;0.10538429
1192;0.15112393
1193;0.2354889
1194;1.2785047
1195;0.12849924
1196;0.1564672
1197;0.5424965
1198;0.4141353
1199;0.15909402
1200;0.9939262
1201;0.19700055
1202;0.21873271
1203;0.52263
1204;0.48743057
1205;0.24146993
1206;0.618388
1207;0.19855092
1208;0.15008439
1209;0.12938423
1210;0.49382243
1211;0.33957914
1212;0.41427198
1213;0.18385227
1214;0.51447666
1215;0.36314246
1216;0.44698635
1217;0.32815933
1218;0.096540056
1219;0.24874246
1220;0.5245566
1221;0.7120445
1222;0.45053855
1223;0.1100729
1224;0.21459942
1225;0.6649056
1226;1.1569939
1227;0.18964775
1228;0.71966887
1229;0.4337739
1230;0.21566446
1231;0.30932474
1232;0.23941648
1233;0.15895088
1234;0.105784655
1235;0.09474037
1236;1.0883056
1237;0.19842273
1238;0.83686996
1239;0.43686816
1240;0.715395
1241;0.188516
1242;0.10054529
1243;0.81060123
1244;0.13935156
1245;0.38020155
1246;0.7904386
1247;0.5709233
1248;0.10907336
1249;0.7255792
1250;0.6387841
1251;0.39333963
1252;0.14196457
1253;0.9245963
1254;0.53841877
1255;0.17220895
1256;0.46989062
1257;0.20734441
1258;0.26936588
1259;0.30051878
1260;0.24560843
1261;0.39433202
1262;0.18145289
1263;0.06914397
1264;0.18676014
1265;0.60360855
1266;0.507169
1267;0.12599857
1268;0.25948486
1269;0.3189641
1270;0.39284864
1271;0.73689336
1272;0.24775334
1273;0.40099028
1274;0.9514296
1275;0.13844737
1276;0.40246066
1277;0.14968581
1278;0.65491706
1279;0.97768
1280;0.8972168
1281;0.55802965
1282;0.70493776
1283;0.31659067
1284;0.083500594
1285;0.10876218
1286;0.27912962
1287;0.4834473
1288;0.17915659
1289;0.74595946
1290;0.10231531
1291;0.2514178
1292;0.13457765
1293;0.092246234
1294;0.4839089
1295;0.47088957
1296;0.3179581
1297;0.63696074
1298;0.4726101
1299;0.30211136
1300;0.26253727
1301;0.64643234
1302;0.88151914
1303;0.34744772
1304;0.3596244
1305;0.7649172
1306;0.28677532
1307;0.2014171
1308;0.8335237
1309;0.09929562
1310;0.3213919
1311;0.20692937
1312;0.22508615
1313;0.09329907
1314;0.4623212
1315;0.6207351
1316;0.26100716
1317;0.89805603
1318;0.8649831
1319;1.0212188
1320;0.68101054
1321;0.4053645
1322;0.5638769
1323;0.0953899
1324;0.11885542
1325;0.82889795
1326;0.5125538
1327;0.6865523
1328;0.192335
1329;0.7881281
1330;0.25977126
1331;0.79106265
1332;1.0417243
1333;0.1296118
1334;0.16846429
1335;0.5288119
1336;0.11792924
1337;0.23276134
1338;0.4525417
1339;0.24629478
1340;0.39783248
1341;0.14907509
1342;0.26159188
1343;0.20824338
1344;0.33273193
1345;0.5550098
1346;0.41442665
1347;0.22910891
1348;0.0851857
1349;0.18139012
1350;0.46740302
1351;0.27144125
1352;0.68605214
1353;0.1302317
1354;0.09108996
1355;0.54363006
1356;0.16970843
1357;0.33205548
1358;0.5497263
1359;0.2523396
1360;0.2783673
1361;0.09017084
1362;0.46052566
1363;1.0624229
1364;0.65371615
1365;0.4121432
1366;0.62358093
1367;0.3538537
1368;0.129961
1369;0.26524583
1370;0.34971872
1371;0.6601655
1372;0.40772355
1373;0.14723514
1374;0.11672134
1375;0.14972524
1376;0.58007795
1377;0.19600762
1378;0.27319583
1379;0.237068
1380;0.33441913
1381;0.45996186
1382;0.4289677
1383;0.3692753
1384;0.796757
1385;0.5333835
1386;0.26849863
1387;0.42817077
1388;0.4896474
1389;0.62633485
1390;0.6242251
1391;0.51089674
1392;0.5776517
1393;0.16824669
1394;0.5587675
1395;0.35493076
1396;0.38173053
1397;0.21778595
1398;0.19029218
1399;1.016024
1400;0.51179355
1401;0.40174353
1402;0.24953295
1403;0.6421247
1404;0.22546892
1405;0.19668896
1406;0.31900197
1407;0.38014674
1408;0.21955009
1409;0.17318608
1410;0.13502824
1411;0.1908919
1412;0.09491283
1413;0.23000777
1414;0.25021312
1415;0.4965136
1416;0.20385022
1417;0.17358834
1418;0.2556397
1419;0.8384995
1420;0.19888163
1421;0.14394517
1422;0.5157628
1423;0.21892743
1424;0.34811172
1425;0.23797144
1426;0.56715125
1427;0.09225589
1428;0.10612544
1429;0.32799697
1430;0.6512279
1431;0.7284989
1432;0.28247142
1433;0.156215
1434;0.24524625
1435;0.060320437
1436;0.14525728
1437;0.11326122
1438;0.5561914
1439;0.18004166
1440;0.7350727
1441;0.31457242
1442;0.116354145
1443;0.7118981
1444;0.38083062
1445;0.7354047
1446;0.6285184
1447;0.5238315
1448;0.6420534
1449;0.71983594
1450;0.3115445
1451;0.32383725
1452;0.16019656
1453;0.113523014
1454;1.0857786
1455;0.28948462
1456;1.0103295
1457;0.28339946
1458;0.7093656
1459;0.44581428
1460;0.21029122
1461;0.16626902
1462;0.30684748
1463;0.76137614
1464;0.10419872
1465;0.07021629
1466;0.12913243
1467;0.20904666
1468;0.2820964
1469;0.3068399
1470;0.21763319
1471;0.09168259
1472;0.7947437
1473;0.13955045
1474;0.41072178
1475;0.21515411
1476;0.20290132
1477;0.67891955
1478;0.55379885
1479;0.4553218
1480;0.83546335
1481;0.20568162
1482;0.3098272
1483;0.76149964
1484;0.26371357
1485;0.21401446
1486;0.811302
1487;0.10700214
1488;0.38907504
1489;0.15866284
1490;0.2659648
1491;0.16701515
1492;0.30831933
1493;0.1531253
1494;0.8811323
1495;0.16348182
1496;1.0867826
1497;0.17166471
1498;0.2446359
1499;0.5749646
1500;0.41228077
1501;0.07297162
1502;0.15303557
1503;0.23059285
1504;0.5892867
1505;0.11811814
1506;0.35622203
1507;0.4016703
1508;0.77489066
1509;0.33976364
1510;0.3158208
1511;0.18996482
1512;0.44185725
1513;0.42878184
1514;0.27152276
1515;0.2250865
1516;0.27142903
1517;0.2652063
1518;0.08333504
1519;0.8456704
1520;0.45788836
1521;0.12816717
1522;0.6742932
1523;0.49038568
1524;0.47960302
1525;1.2257752
1526;0.3344035
1527;0.15672325
1528;0.1371349
1529;0.16939665
1530;0.23576003
1531;0.17933989
1532;0.56842434
1533;0.16866924
1534;0.78483486
1535;0.10861987
1536;0.18229426
1537;0.31352222
1538;0.10409441
1539;0.12415288
1540;0.22618191
1541;0.65757746
1542;0.75004643
1543;0.23419966
1544;0.70341235
1545;0.723592
1546;0.14057972
1547;0.1691341
1548;0.7362609
1549;0.5356502
1550;0.6788988
1551;0.10049012
1552;0.10086044
1553;0.20184164
1554;0.51173806
1555;0.2907532
1556;0.7731144
1557;0.17504025
1558;0.20502679
1559;0.40596852
1560;0.40645978
1561;0.43078887
1562;0.45373988
1563;0.7297053
1564;0.13760342
1565;0.3967699
1566;0.24749796
1567;0.36703536
1568;0.12465352
1569;0.50836414
1570;0.2477294
1571;0.4271368
1572;0.13039194
1573;0.62854564
1574;0.32605824
1575;0.26779413
1576;0.7300475
1577;0.24290906
1578;0.524023
1579;0.107822455
1580;0.15838623
1581;0.4129322
1582;0.62589073
1583;0.95091295
1584;0.9288147
1585;0.5488923
1586;0.25287446
1587;0.22549307
1588;0.36781844
1589;0.08676336
1590;0.5937466
1591;0.23868959
1592;0.39464298
1593;0.23082338
1594;0.85372454
1595;0.10874776
1596;0.22681648
1597;0.7136753
1598;0.14279449
1599;0.4193375
1600;0.5891846
1601;0.13414975
1602;0.15757169
1603;0.115866214
1604;0.18218453
1605;0.55200493
1606;0.25935218
1607;0.11630716
1608;0.5453531
1609;0.22635455
1610;0.16415663
1611;0.15175661
1612;0.19372447
1613;0.27098545
1614;0.23062955
1615;0.6871063
1616;0.8402591
1617;1.3273678
1618;0.3072391
1619;0.12665863
1620;0.12037575
1621;0.3668197
1622;0.21197768
1623;0.81231135
1624;0.18534176
1625;0.19484258
1626;0.5190018
1627;0.39937174
1628;0.67909795
1629;0.108398
1630;0.16529262
1631;0.63440394
1632;0.13893984
1633;0.13728246
1634;0.1731929
1635;0.30170825
1636;0.7909295
1637;0.29472864
1638;0.42360398
1639;0.4659439
1640;0.26530102
1641;0.6694963
1642;0.5226461
1643;0.19751604
1644;0.29478896
1645;0.19616567
1646;0.15108745
1647;0.115963735
1648;0.21730953
1649;0.28384313
1650;0.5213008
1651;0.16231121
1652;0.59537894
1653;0.65093434
1654;0.6952557
1655;0.8526396
1656;0.5533407
1657;0.7161174
1658;0.28206733
1659;0.2381919
1660;0.7276042
1661;0.13324465
1662;0.18534602
1663;0.26157638
1664;0.31315115
1665;0.15019639
1666;0.33004487
1667;0.29630607
1668;0.3602831
1669;1.0197648
1670;0.649439
1671;0.43178332
1672;0.7255474
1673;0.435226
1674;1.197311
1675;0.10861597
1676;0.15466154
1677;0.17827253
1678;0.121801
1679;0.12604322
1680;0.5109317
1681;0.21858092
1682;0.18876259
1683;0.25625652
1684;0.17471091
1685;0.21272218
1686;0.5279971
1687;0.5496478
1688;0.14851512
1689;0.17920004
1690;0.16997965
1691;0.23086552
1692;0.54656863
1693;0.1906446
1694;0.8073213
1695;0.7817648
1696;0.1852551
1697;0.41786864
1698;0.22021516
1699;0.57488227
1700;0.20102732
1701;0.43473172
1702;0.2894849
1703;0.5755007
1704;0.6326317
1705;0.27426648
1706;0.20537972
1707;0.8358527
1708;0.3829663
1709;0.4735054
1710;0.29310372
1711;0.0881029
1712;0.19196212
1713;0.61152345
1714;0.24229975
1715;0.19347322
1716;0.28469783
1717;0.74119186
1718;0.7660783
1719;0.30747095
1720;0.45319605
1721;0.19302051
1722;0.46612212
1723;0.24082868
1724;0.7936039
1725;0.49115157
1726;0.71739745
1727;0.09309102
1728;0.108298995
1729;0.27327552
1730;0.25900802
1731;0.3989028
1732;0.12500164
1733;0.5138586
1734;0.17970435
1735;0.36140332
1736;0.5093224
1737;0.16701727
1738;0.29819024
1739;0.59067935
1740;0.21348412
1741;0.4351277
1742;0.8214814
1743;0.8062323
1744;0.23925193
1745;0.20070513
1746;0.15027861
1747;0.4990988
1748;0.23520406
1749;0.464233
1750;0.23567246
1751;0.19522524
1752;0.5983153
1753;0.1673067
1754;0.48561892
1755;0.50735056
1756;0.14004557
1757;0.79262847
1758;0.32811007
1759;0.1092234
1760;0.17361267
1761;0.21083339
1762;0.26846403
1763;0.16015293
1764;0.33105007
1765;0.18562935
1766;0.1329843
1767;0.17058067
1768;0.42590955
1769;0.14643204
1770;0.113482766
1771;0.15020011
1772;0.13866216
1773;0.62044317
1774;0.12625478
1775;0.47093356
1776;0.14307164
1777;0.3795928
1778;0.68350714
1779;0.33218995
1780;0.9603757
1781;0.07757229
1782;0.30080217
1783;0.16406627
1784;0.5561588
1785;0.14312285
1786;0.32024434
1787;0.10931862
1788;0.18550265
1789;0.2785344
1790;0.09703586
1791;0.34132323
1792;0.17944284
1793;0.51209885
1794;0.4600952
1795;0.51110154
1796;0.36183214
1797;0.122472964
1798;0.11969575
1799;0.08647997
1800;0.2396638
1801;0.16204615
1802;0.22008693
1803;0.14270146
1804;0.08425521
1805;0.244747
1806;0.082842164
1807;0.23995686
1808;0.8692296
1809;0.07876525
1810;0.15649328
1811;0.33359623
1812;0.39377025
1813;0.12291435
1814;0.6935544
1815;0.1840765
1816;0.18246818
1817;0.63545257
1818;0.1930933
1819;0.7094972
1820;0.2338394
1821;0.27509344
1822;0.15480776
1823;0.57387793
1824;0.7336671
1825;0.2849963
1826;0.5856652
1827;0.55425054
1828;0.17044425
1829;0.18114029
1830;0.3308842
1831;0.103895105
1832;0.13693382
1833;1.0814512
1834;0.1712801
1835;0.49768457
1836;1.2122341
1837;0.09707046
1838;0.24158697
1839;0.43636122
1840;0.12448969
1841;0.14147194
1842;0.16977173
1843;0.42343712
1844;0.14386015
1845;0.18579589
1846;0.13265067
1847;0.48572627
1848;0.15140928
1849;0.263342
1850;0.4206504
1851;0.29386273
1852;0.68531895
1853;0.16052946
1854;0.29412922
1855;0.28403637
1856;0.1943398
1857;0.37213948
1858;0.1075184
1859;0.20428528
1860;0.45684028
1861;0.21049805
1862;0.16434886
1863;0.42203078
1864;0.20965064
1865;0.29647422
1866;0.18074812
1867;0.120631956
1868;0.17612173
1869;0.21295251
1870;0.56376773
1871;1.1703488
1872;0.84925383
1873;0.40883684
1874;0.14349847
1875;0.3213741
1876;0.10639892
1877;0.28024736
1878;0.21848339
1879;0.15165848
1880;0.4257574
1881;0.24330686
1882;0.17146058
1883;0.90539503
1884;0.10166528
1885;0.12818621
1886;0.21356438
1887;0.12094263
1888;0.39446375
1889;0.11388362
1890;0.746906
1891;0.106995255
1892;0.148624
1893;0.22408073
1894;0.5790109
1895;0.09919741
1896;0.1790446
1897;0.2443911
1898;0.8148961
1899;0.6090103
1900;0.18992503
1901;0.20211907
1902;0.51206434
1903;0.15879427
1904;0.38818118
1905;0.46509013
1906;0.07594327
1907;0.24645682
1908;0.56669116
1909;0.7890685
1910;0.3785502
1911;0.5862512
1912;0.15617053
1913;0.7122836
1914;0.1084341
1915;0.7933013
1916;0.32812038
1917;0.19406553
1918;0.6697878
1919;0.1281705
1920;0.30706096
1921;0.20813851
1922;0.19650924
1923;0.64556396
1924;0.16984576
1925;0.075859345
1926;1.2766699
1927;0.7071484
1928;0.104458
1929;0.13654085
1930;0.5511401
1931;0.161488
1932;0.11514988
1933;0.445393
1934;0.63166773
1935;0.16301942
1936;0.8068709
1937;0.25444052
1938;0.11731032
1939;0.26869914
1940;0.8506029
1941;0.11638244
1942;0.080499925
1943;1.6274701
1944;0.08612653
1945;0.85946465
1946;0.3248944
1947;0.10370464
1948;0.20047076
1949;0.45173034
1950;0.20469308
1951;0.15754679
1952;0.33162197
1953;0.6324774
1954;0.31597963
1955;0.18530007
1956;0.20107125
1957;0.22754352
1958;0.20304835
1959;0.1865375
1960;0.096717454
1961;0.116707034
1962;0.14466274
1963;0.10590745
1964;0.5652489
1965;0.12934862
1966;0.10276566
1967;0.13474394
1968;0.16433206
1969;1.2986876
1970;0.090881556
1971;0.19151668
1972;0.5356923
1973;0.35682213
1974;0.23917305
1975;1.0302981
1976;0.20810854
1977;0.54781
1978;0.3709272
1979;0.46344015
1980;0.24236572
1981;0.7654502
1982;0.25018105
1983;0.23659827
1984;0.09583082
1985;0.3367152
1986;0.21543117
1987;0.15540099
1988;0.12937103
1989;0.3998437
1990;0.38029635
1991;0.34615263
1992;0.16004479
1993;0.061520983
1994;0.7333312
1995;0.46629003
1996;0.7779358
1997;0.47562194
1998;0.0738787
1999;0.15356717
2000;0.7214584
2001;1.6024208
2002;0.07476842
2003;0.8532397
2004;0.20361169
2005;0.11450002
2006;0.2777367
2007;0.7209239
2008;0.12341219
2009;0.08115592
2010;0.075114734
2011;1.1075226
2012;0.1798714
2013;0.8946379
2014;0.426255
2015;0.7540097
2016;0.110710375
2017;0.080620915
2018;0.8872145
2019;0.088700175
2020;0.27207634
2021;0.90117246
2022;0.5604874
2023;0.08654045
2024;0.7732932
2025;0.660834
2026;0.40395132
2027;0.106889844
2028;0.9443574
2029;0.58640283
2030;0.12309727
2031;0.45321622
2032;0.17158455
2033;0.3047526
2034;0.09782251
2035;0.23118651
2036;0.23684579
2037;0.16003539
2038;0.060912017
2039;0.16014163
2040;0.5870426
2041;0.6138557
2042;0.09129468
2043;0.1996878
2044;0.28092572
2045;0.4309461
2046;0.7491627
2047;0.26001683
2048;0.47059086
2049;0.86704284
2050;0.11823378
2051;0.29045823
2052;0.122162975
2053;0.7336688
2054;1.0235939
2055;0.93872184
2056;0.54339236
2057;0.7150581
2058;0.2752378
2059;0.0813747
2060;0.097077034
2061;0.12796007
2062;0.49936137
2063;0.1243009
2064;0.7158286
2065;0.103121676
2066;0.1947511
2067;0.16793843
2068;0.09015408
2069;0.3246256
2070;0.25644162
2071;0.24759935
2072;0.5454702
2073;0.4370556
2074;0.21777166
2075;0.2713158
2076;0.6844442
2077;0.8703703
2078;0.34745374
2079;0.32008788
2080;0.7248787
2081;0.19401686
2082;0.15842748
2083;0.8359609
2084;0.096537024
2085;0.22042225
2086;0.15190555
2087;0.15866704
2088;0.08423635
2089;0.3228693
2090;0.6217411
2091;0.20286648
2092;1.0102856
2093;0.97191805
2094;1.1784478
2095;0.7453131
2096;0.3808384
2097;0.6098413
2098;0.08670529
2099;0.098367296
2100;0.7832394
2101;0.57052207
2102;0.73202866
2103;0.14048749
2104;0.877909
2105;0.27714297
2106;0.7302969
2107;1.1869919
2108;0.120324075
2109;0.14508604
2110;0.5698096
2111;0.09709955
2112;0.11591693
2113;0.42736056
2114;0.17539822
2115;0.34874988
2116;0.11457505
2117;0.20083226
2118;0.15893888
2119;0.3832972
2120;0.48846173
2121;0.31136072
2122;0.1645909
2123;0.08185376
2124;0.15021707
2125;0.39332506
2126;0.23772584
2127;0.34736916
2128;0.12034381
2129;0.08180459
2130;0.49599352
2131;0.12522183
2132;0.39542484
2133;0.6007249
2134;0.24316029
2135;0.288611
2136;0.10090218
2137;0.55649203
2138;1.1646518
2139;0.6684973
2140;0.40460947
2141;0.50538707
2142;0.6431028
2143;0.20774372
2144;0.5221157
2145;0.47365913
2146;1.0368773
2147;0.49323282
2148;0.11830523
2149;0.16462888
2150;0.116011165
2151;0.52309954
2152;0.1707685
2153;0.2753137
2154;0.24458684
2155;0.34220168
2156;0.33177856
2157;0.37772432
2158;0.29554185
2159;0.8612464
2160;0.45267448
2161;0.24324636
2162;0.74440795
2163;0.1860881
2164;0.40695247
2165;0.3894094
2166;0.19862787
2167;0.8739361
2168;0.12326339
2169;0.4882709
2170;0.30519024
2171;0.35834122
2172;0.20033835
2173;0.15863742
2174;1.0405422
2175;0.45298752
2176;0.14947245
2177;0.17379956
2178;0.72063357
2179;0.17986308
2180;0.16033323
2181;0.31390834
2182;0.30180374
2183;0.16896723
2184;0.43507507
2185;0.1296191
2186;0.1310205
2187;0.07545818
2188;0.15001665
2189;0.22464018
2190;0.51601136
2191;0.18984671
2192;0.13424899
2193;0.18841095
2194;0.94753724
2195;0.1843294
2196;0.10658145
2197;0.563452
2198;0.19853568
2199;0.40295467
2200;0.19543941
2201;0.5958267
2202;0.08683928
2203;0.103977315
2204;0.23429625
2205;0.6358973
2206;0.21054359
2207;0.24694395
2208;0.13295646
2209;0.27867052
2210;0.04541354
2211;0.117898494
2212;0.10030415
2213;0.5341614
2214;0.16046056
2215;0.74289227
2216;0.23942782
2217;0.09452329
2218;0.68723565
2219;0.43680024
2220;0.77042574
2221;0.67435217
2222;0.55683357
2223;0.75422543
2224;0.7230802
2225;0.4272566
2226;0.4060082
2227;0.165629
2228;0.11501456
2229;1.1227185
2230;0.22624254
2231;0.70242137
2232;0.22734992
2233;0.227899
2234;0.784986
2235;0.3189584
2236;0.12055942
2237;0.24785058
2238;0.8417118
2239;0.09857073
2240;0.055075202
2241;0.12367781
2242;0.1792205
2243;0.20977324
2244;0.21902333
2245;0.32513914
2246;0.0827113
2247;0.8159414
2248;0.13886477
2249;0.34991345
2250;0.18597956
2251;0.21969247
2252;0.62453896
2253;0.46450603
2254;0.5102847
2255;0.81543845
2256;0.18366607
2257;0.28252506
2258;0.74512166
2259;0.25852236
2260;0.19909503
2261;0.8755192
2262;0.09174291
2263;0.42923558
2264;0.1403827
2265;0.23057139
2266;0.13003123
2267;0.25270063
2268;0.1255259
2269;0.9235696
2270;0.13928811
2271;0.8254416
2272;0.1279513
2273;0.3282402
2274;0.63530666
2275;0.2119792
2276;0.06587787
2277;0.18049495
2278;0.6269632
2279;0.7235977
2280;0.44025406
2281;0.899983
2282;1.003656
2283;0.5481377
2284;0.9137464
2285;0.50261915
2286;0.5184248
2287;1.0074282
2288;0.20193066
2289;0.20799488
2290;0.24902652
2291;0.2861225
2292;0.22812189
2293;0.24825914
2294;0.21099
2295;0.5393623
2296;0.6070131
2297;0.5580734
2298;0.37161824
2299;0.47026432
2300;0.5671274
2301;0.38017926
2302;0.34435615
2303;0.5532386
2304;0.19941609
2305;0.28366396
2306;0.21334648
2307;0.6208382
2308;0.14764036
2309;0.24680142
2310;0.12275318
2311;0.15768331
2312;0.20131862
2313;0.39867863
2314;0.32667086
2315;0.16375433
2316;0.62629575
2317;0.6926758
2318;0.23542106
2319;0.39596108
2320;0.52491933
2321;0.19509637
2322;0.17250131
2323;0.8163293
2324;0.5023679
