0;0.6943615
1;0.6889317
2;0.68782026
3;0.6907622
4;0.69390965
5;0.69122404
6;0.69246817
7;0.68969613
8;0.6877752
9;0.6911438
10;0.6901843
11;0.69133025
12;0.6845026
13;0.685628
14;0.68481445
15;0.68286544
16;0.6814925
17;0.6853849
18;0.67694
19;0.68111235
20;0.67710686
21;0.6703005
22;0.6669688
23;0.661268
24;0.6481616
25;0.65654904
26;0.6663268
27;0.65467376
28;0.64881784
29;0.6612516
30;0.663058
31;0.6421545
32;0.6214735
33;0.7001963
34;0.61491495
35;0.67785954
36;0.7250726
37;0.6533776
38;0.6079176
39;0.7448887
40;0.6081516
41;0.6059256
42;0.6099584
43;0.5860882
44;0.6668747
45;0.7687061
46;0.6776622
47;0.59829324
48;0.6420943
49;0.60652643
50;0.61061937
51;0.66537666
52;0.61593497
53;0.63766646
54;0.6429309
55;0.58428794
56;0.6501792
57;0.65894586
58;0.60374665
59;0.59941953
60;0.6706515
61;0.64725524
62;0.65036565
63;0.7442622
64;0.65877265
65;0.6592405
66;0.6187469
67;0.66219527
68;0.60860234
69;0.6329634
70;0.64489776
71;0.6731529
72;0.61623025
73;0.6960737
74;0.60276663
75;0.66004914
76;0.6886638
77;0.5978882
78;0.6265814
79;0.6316345
80;0.61411434
81;0.6507721
82;0.60972404
83;0.63743424
84;0.5781955
85;0.66266614
86;0.6275671
87;0.6229436
88;0.67558354
89;0.67345476
90;0.68009955
91;0.6143332
92;0.60035014
93;0.5995429
94;0.6904001
95;0.58147734
96;0.57798165
97;0.6233775
98;0.6227912
99;0.6045339
100;0.69246095
101;0.6812311
102;0.588492
103;0.68135285
104;0.5757175
105;0.5438699
106;0.6930607
107;0.6926222
108;0.6090551
109;0.68108565
110;0.66320014
111;0.6838147
112;0.57905793
113;0.67109615
114;0.66875607
115;0.56670433
116;0.6616896
117;0.5884355
118;0.5674412
119;0.590787
120;0.60350275
121;0.7456339
122;0.75275785
123;0.62210166
124;0.6555607
125;0.7404315
126;0.5727928
127;0.6682345
128;0.73286575
129;0.63026816
130;0.69442016
131;0.6272023
132;0.624888
133;0.58167356
134;0.6503467
135;0.6476888
136;0.63432187
137;0.6758868
138;0.6316931
139;0.6065205
140;0.64848256
141;0.63535935
142;0.660736
143;0.642811
144;0.65663755
145;0.6364463
146;0.6252473
147;0.6386908
148;0.6685483
149;0.6597144
150;0.6019766
151;0.64338064
152;0.6527988
153;0.6326789
154;0.6465638
155;0.65396845
156;0.6187169
157;0.6075174
158;0.59849274
159;0.57845926
160;0.6425198
161;0.6713595
162;0.64137775
163;0.6269478
164;0.610751
165;0.5955182
166;0.6370352
167;0.61527294
168;0.61072713
169;0.63962317
170;0.62031
171;0.681305
172;0.73341846
173;0.66735166
174;0.6052618
175;0.6510081
176;0.61181116
177;0.5645903
178;0.54675686
179;0.6529959
180;0.59733766
181;0.682028
182;0.6394435
183;0.6946246
184;0.53701097
185;0.55115575
186;0.70033294
187;0.578225
188;0.615902
189;0.6128974
190;0.6860416
191;0.61538553
192;0.6001988
193;0.69554275
194;0.5378358
195;0.5911656
196;0.63719493
197;0.6275969
198;0.69115525
199;0.6531474
200;0.67008257
201;0.54174006
202;0.61323935
203;0.562968
204;0.8177702
205;0.7033394
206;0.7721569
207;0.6427
208;0.60254437
209;0.60512304
210;0.6538644
211;0.59834486
212;0.5853034
213;0.6309083
214;0.6692298
215;0.6893578
216;0.5837405
217;0.6548683
218;0.6673977
219;0.5822563
220;0.5960068
221;0.63799256
222;0.5863368
223;0.6063226
224;0.5414769
225;0.62922764
226;0.5366548
227;0.62428206
228;0.4960041
229;0.68013555
230;0.5793735
231;0.75637794
232;0.77072877
233;0.55480224
234;0.5212438
235;0.7101347
236;0.5225025
237;0.562149
238;0.71041775
239;0.6547847
240;0.46533403
241;0.649203
242;0.63125354
243;0.63083386
244;0.6285622
245;0.69016
246;0.7060649
247;0.6339701
248;0.7349147
249;0.45299911
250;0.6778948
251;0.5989354
252;0.58615714
253;0.43656778
254;0.7690289
255;0.66604584
256;0.45730105
257;0.6820999
258;0.7107177
259;0.41645506
260;0.72545457
261;0.7052825
262;0.6052375
263;0.6952901
264;0.530132
265;0.5495834
266;0.6251189
267;0.47647926
268;0.56241065
269;0.65611356
270;0.6652871
271;0.6192153
272;0.7717212
273;0.68040085
274;0.7408181
275;0.69328195
276;0.66278476
277;0.70650285
278;0.6718083
279;0.6546995
280;0.60293823
281;0.60055023
282;0.64326566
283;0.6642168
284;0.6069713
285;0.7015524
286;0.61017853
287;0.6396661
288;0.5872621
289;0.59568006
290;0.63104576
291;0.6444587
292;0.61664426
293;0.644043
294;0.61728376
295;0.60051036
296;0.672079
297;0.6496342
298;0.5788264
299;0.59169364
300;0.5889334
301;0.5932321
302;0.6268936
303;0.5770905
304;0.58399504
305;0.56998247
306;0.55867124
307;0.6372213
308;0.6656284
309;0.63003135
310;0.6121023
311;0.6772526
312;0.62190646
313;0.6549447
314;0.5527544
315;0.5874406
316;0.5033257
317;0.6329284
318;0.6396442
319;0.56312376
320;0.6547623
321;0.58764
322;0.5710275
323;0.57374173
324;0.6518126
325;0.6718106
326;0.5255793
327;0.5215842
328;0.50704247
329;0.51064485
330;0.84339255
331;0.3647468
332;0.69252825
333;0.67165786
334;0.55675626
335;0.43132946
336;0.47886094
337;0.42664078
338;0.6362462
339;0.33628222
340;0.91943866
341;0.56781197
342;0.9667106
343;0.48675218
344;0.6776425
345;0.5386202
346;0.6713154
347;0.7456718
348;0.78956777
349;0.4447781
350;0.4639394
351;0.5979542
352;0.5737491
353;0.47915336
354;0.47414717
355;0.65134174
356;0.8128498
357;0.5704922
358;0.5347908
359;0.6542632
360;0.6649816
361;0.8009882
362;0.57305884
363;0.45129633
364;0.7468136
365;0.6829956
366;0.5729075
367;0.6723445
368;0.5744281
369;0.5620174
370;0.543746
371;0.4810381
372;0.5362238
373;0.4752972
374;0.63071465
375;0.5437097
376;0.7159919
377;0.7051341
378;0.68168426
379;0.4827325
380;0.77234316
381;0.44701722
382;0.5394517
383;0.47482824
384;0.60455227
385;0.6915383
386;0.7340012
387;0.7168729
388;0.5368705
389;0.5074179
390;0.8064795
391;0.37456015
392;0.5638881
393;0.74801093
394;0.5289696
395;0.76883346
396;0.5462417
397;0.5592509
398;0.5535195
399;0.6159782
400;0.4595929
401;0.42904818
402;0.6318725
403;0.6813798
404;0.48970333
405;0.7397669
406;0.48680463
407;0.7996294
408;0.7632947
409;0.6974659
410;0.7296241
411;0.4893142
412;0.54443854
413;0.51222944
414;0.50200313
415;0.50210935
416;0.45056215
417;0.56555057
418;0.4853711
419;0.6980796
420;0.6967034
421;0.46135393
422;0.48573732
423;0.5727191
424;0.51250124
425;0.6405163
426;0.5194157
427;0.4701836
428;0.66639334
429;0.6781962
430;0.6395876
431;0.6345163
432;0.51984745
433;0.5601479
434;0.48182788
435;0.7175366
436;0.61690146
437;0.76014596
438;0.4511505
439;0.6392331
440;0.53107595
441;0.64864594
442;0.6784227
443;0.6028938
444;0.6021329
445;0.48957816
446;0.6853655
447;0.76461643
448;0.5457574
449;0.6130504
450;0.6466753
451;0.62189025
452;0.51840186
453;0.6167514
454;0.5795934
455;0.74131536
456;0.5923551
457;0.60097057
458;0.55090016
459;0.38059905
460;0.38574913
461;0.51811403
462;0.5843211
463;0.6110961
464;0.3714187
465;0.7116259
466;0.4016739
467;0.38968682
468;0.6809656
469;0.25611213
470;0.80061054
471;0.8539397
472;0.7469559
473;0.43221822
474;0.8079765
475;0.7976398
476;0.59346175
477;0.46677312
478;0.68956757
479;0.6228537
480;0.43600592
481;0.43680623
482;0.5794001
483;0.6275266
484;0.4703183
485;0.6387553
486;0.6141856
487;0.5394736
488;0.5390791
489;0.5657043
490;0.5230961
491;0.55790615
492;0.6194069
493;0.8286205
494;0.46981826
495;0.5868967
496;0.7870732
497;0.5012323
498;0.468762
499;0.71027833
500;0.42986092
501;0.46149373
502;0.55156356
503;0.50314647
504;0.59808797
505;0.77869624
506;0.5657998
507;0.62367994
508;0.36282602
509;0.5227317
510;0.4499307
511;0.36082777
512;0.5752538
513;0.4918801
514;0.58897847
515;0.36731791
516;0.668822
517;0.31225428
518;0.28180644
519;0.48600912
520;0.6327053
521;0.43262878
522;0.54175144
523;0.52538127
524;0.629499
525;0.65717643
526;0.46862236
527;0.49000368
528;0.2826661
529;0.3059201
530;0.41579604
531;0.2651722
532;0.65878755
533;0.61381537
534;0.76265335
535;0.228579
536;0.39110777
537;0.8603203
538;0.24117683
539;0.7759216
540;1.005159
541;0.5460084
542;0.80250293
543;0.46570602
544;0.499747
545;0.8106594
546;0.28720778
547;0.54649615
548;0.32146916
549;0.79528475
550;0.46241057
551;0.5318525
552;0.64820373
553;0.49036098
554;0.8390325
555;0.38052487
556;0.6005636
557;0.6510742
558;0.282257
559;0.3794975
560;0.5238345
561;0.31892538
562;0.36376932
563;0.48041758
564;0.29137573
565;0.6787266
566;0.65608126
567;0.47543836
568;0.64394236
569;0.66940194
570;0.5963125
571;0.56050736
572;0.44854757
573;0.26323596
574;0.2356993
575;0.26461783
576;0.46411657
577;0.45040205
578;0.27391982
579;0.31367934
580;0.6431325
581;0.668487
582;0.26678705
583;0.50247383
584;0.469087
585;0.60217756
586;0.24288009
587;0.46477267
588;0.69591933
589;0.532951
590;0.57289356
591;0.46300218
592;0.46389
593;0.3552945
594;0.66193
595;0.54795104
596;0.6355112
597;0.5809095
598;0.6248126
599;0.26399648
600;0.5181975
601;0.78804016
602;0.5308741
603;0.8734974
604;0.32582268
605;0.6936772
606;0.42420933
607;0.40452936
608;0.645613
609;1.0968927
610;0.4453043
611;0.51359373
612;0.7468999
613;0.2650411
614;0.8053098
615;0.7256136
616;0.94499606
617;0.5169259
618;0.5390229
619;0.44671765
620;0.6607581
621;0.68250495
622;0.4589912
623;0.28579122
624;0.73248434
625;0.33427477
626;0.2888491
627;0.29788148
628;0.47821355
629;0.4799566
630;0.4267849
631;0.6096427
632;0.6197421
633;0.47640464
634;0.49230552
635;0.28600383
636;0.2603095
637;0.38426304
638;0.25624233
639;0.5390138
640;0.5829249
641;0.38502157
642;0.21118563
643;0.35120556
644;0.88572955
645;0.6548422
646;0.52940905
647;0.2566272
648;0.40397823
649;0.28723833
650;0.38938257
651;0.30589792
652;0.26561573
653;0.24223816
654;0.52297443
655;0.5988789
656;0.46404514
657;0.6254711
658;0.16965751
659;0.47228763
660;0.44945845
661;0.5234714
662;0.44848874
663;0.57467073
664;0.44635245
665;0.64487803
666;0.5393916
667;0.18346381
668;0.5800492
669;0.6074631
670;0.53961986
671;0.32337177
672;0.5790027
673;0.942187
674;0.7316351
675;0.39708424
676;0.24573533
677;0.5539165
678;0.2598744
679;1.0479131
680;0.5407452
681;0.7043814
682;0.40394506
683;0.531456
684;0.56148916
685;0.24076875
686;0.22804523
687;0.59078044
688;0.9457569
689;0.2217493
690;0.30359754
691;0.23713653
692;0.48051167
693;0.5427893
694;0.6749973
695;0.4011015
696;0.20565452
697;0.57289654
698;0.21309112
699;0.8628292
700;0.39796007
701;0.4080467
702;0.56641495
703;0.5070625
704;0.5420038
705;0.8914099
706;0.34044513
707;0.49045125
708;0.5721664
709;0.23774807
710;0.55580395
711;1.0157837
712;0.22217922
713;0.45362473
714;0.24571657
715;0.4647766
716;0.4384046
717;0.30997768
718;0.52713615
719;0.52561474
720;0.42844537
721;0.82935023
722;0.26386777
723;0.5696539
724;0.3102653
725;0.46181884
726;0.2854884
727;0.26479214
728;0.5438573
729;0.36036575
730;0.23569436
731;0.26695845
732;0.456164
733;0.68748015
734;0.47043204
735;0.4141651
736;0.48663247
737;0.6547556
738;0.48783192
739;0.53356403
740;0.5266648
741;1.0638547
742;0.4645805
743;0.23270452
744;0.7137892
745;0.22424965
746;0.26841268
747;0.5245593
748;0.55407405
749;0.5339753
750;0.6933078
751;0.5278335
752;0.48242804
753;0.441679
754;0.45240065
755;0.48743057
756;0.35399306
757;0.5502371
758;0.45989373
759;0.47660494
760;0.42776585
761;0.42743054
762;0.56053966
763;0.22783637
764;0.3139393
765;0.45488992
766;0.6070489
767;0.3216029
768;0.48744074
769;0.5211151
770;0.5615434
771;0.45591208
772;0.4752995
773;0.7270322
774;0.23978962
775;0.61674696
776;0.25403357
777;0.24830073
778;0.5061569
779;0.71909946
780;0.5278259
781;0.72075444
782;0.26751587
783;0.54913324
784;0.6566687
785;0.5491988
786;0.50794756
787;0.25339797
788;0.7686958
789;0.2380345
790;0.49130392
791;0.4785123
792;0.8816917
793;0.40059733
794;0.29637724
795;0.34173977
796;0.22091942
797;0.3991386
798;0.6074601
799;0.6922466
800;0.63920784
801;1.1126637
802;0.21256715
803;0.53960866
804;0.23246361
805;0.531594
806;0.26905814
807;0.4290429
808;0.89927524
809;0.696588
810;0.53548884
811;0.5006117
812;0.49748814
813;0.7161905
814;0.3474374
815;0.42156515
816;0.4109895
817;0.50173396
818;0.5126249
819;0.7833705
820;0.34855077
821;0.47602484
822;0.6798751
823;0.4224614
824;0.42804918
825;0.44494787
826;0.3123064
827;0.40342608
828;0.254997
829;0.59973484
830;0.64202476
831;0.49757108
832;0.2775375
833;0.3988017
834;0.40503892
835;0.46900916
836;0.2765815
837;0.6222551
838;0.49171925
839;0.41688251
840;0.6079183
841;0.6864517
842;0.8372159
843;0.21021855
844;0.25864398
845;0.25662267
846;0.43644276
847;0.3617958
848;0.5134451
849;0.42765474
850;0.48817834
851;0.3788791
852;0.33732927
853;0.8753464
854;0.31845507
855;0.20299025
856;0.67112964
857;0.20153977
858;0.24556
859;0.19493775
860;0.6351462
861;0.7227889
862;0.5502093
863;0.4525043
864;0.97633046
865;1.0075487
866;0.43876576
867;0.54962796
868;0.43842554
869;0.47971097
870;0.27188745
871;0.29686323
872;0.26303893
873;0.30917582
874;0.4770298
875;0.4929631
876;0.49698022
877;0.4508649
878;0.44246975
879;0.47514066
880;0.89621073
881;0.5035304
882;0.64202744
883;0.549463
884;0.50208896
885;0.6048816
886;0.49137414
887;0.40631437
888;0.4889706
889;0.47557643
890;0.8594764
891;0.47371754
892;0.47387147
893;0.35057914
894;1.4667149
895;0.6476217
896;0.39031172
897;0.41559935
898;0.28551278
899;0.45307216
900;0.40424418
901;0.36744174
902;0.35203615
903;0.38681474
904;0.27053213
905;0.38677898
906;1.0825585
907;0.3505145
908;0.41790327
909;0.4976151
910;0.86650795
911;0.42379928
912;0.70560247
913;0.2708542
914;0.36481676
915;0.43469775
916;0.36514735
917;0.62523776
918;0.3358167
919;0.58952725
920;0.6910398
921;0.77925396
922;0.5389603
923;0.5467055
924;0.6720514
925;0.4685967
926;0.6845413
927;0.6037043
928;0.38408267
929;0.7511253
930;0.6208033
931;0.6899274
932;0.38727927
933;0.23347117
934;0.22981596
935;0.55085343
936;0.43161878
937;0.60485816
938;0.57949346
939;0.3680733
940;0.1724087
941;0.66975945
942;0.96663
943;0.64055634
944;0.59314656
945;0.2712456
946;0.55916965
947;0.52294046
948;0.64890224
949;0.848032
950;0.2797919
951;0.7740035
952;0.16438589
953;0.2230112
954;0.3321392
955;0.47014245
956;0.4923934
957;0.2868429
958;0.50641024
959;0.4289193
960;0.44422364
961;0.49287888
962;0.39314866
963;0.5292949
964;0.98461795
965;0.4623181
966;0.50222486
967;0.928679
968;0.6332126
969;0.47571948
970;0.39951423
971;0.2871324
972;0.31023553
973;0.49808264
974;0.5624761
975;0.33346596
976;0.43180215
977;0.7033849
978;0.2920327
979;0.41520977
980;0.514019
981;0.378788
982;0.84051675
983;0.22960214
984;0.20220356
985;0.47052774
986;0.65572625
987;0.43717185
988;0.29818496
989;0.44721985
990;0.50054413
991;0.24725397
992;0.4379013
993;0.50599176
994;0.43675864
995;0.25993666
996;0.8099222
997;0.37408248
998;1.1177912
999;0.27891317
1000;0.72213537
1001;0.41082963
1002;0.34166482
1003;0.5838803
1004;0.50626713
1005;0.99547786
1006;0.40877184
1007;0.500232
1008;0.28405455
1009;0.3920112
1010;0.47756043
1011;0.4740224
1012;0.30663845
1013;0.4388497
1014;0.5560775
1015;0.15432094
1016;0.34830603
1017;0.2788216
1018;0.90747184
1019;0.82075363
1020;0.5023865
1021;0.60554934
1022;0.26669154
1023;0.4398605
1024;0.20051776
1025;0.49380133
1026;0.37787342
1027;0.4525454
1028;0.33754072
1029;0.3902503
1030;0.6852855
1031;0.18409002
1032;0.55313766
1033;0.8522296
1034;0.16952372
1035;0.51650214
1036;0.57020307
1037;0.7605772
1038;0.37454557
1039;0.653664
1040;0.38028917
1041;0.6275746
1042;0.20289119
1043;0.13871342
1044;0.6611696
1045;0.81799936
1046;0.6742125
1047;1.0144118
1048;1.0642214
1049;1.4130026
1050;1.0804614
1051;1.0016763
1052;1.512302
1053;1.3613359
1054;1.3702497
1055;0.18633443
1056;0.7884343
1057;0.8418658
1058;0.75988674
1059;0.7202671
1060;1.4031725
1061;0.47622243
1062;0.808207
1063;0.30014315
1064;0.75659055
1065;0.76113987
1066;0.9111975
1067;1.0064722
1068;0.4074528
1069;0.6892895
1070;0.5531707
1071;0.33553293
1072;0.84310985
1073;0.47878942
1074;0.5232789
1075;0.5730166
1076;0.5823958
1077;0.85526544
1078;0.44932768
1079;0.43703875
1080;0.47232628
1081;0.43872723
1082;0.66962075
1083;0.43186387
1084;0.76818675
1085;0.50943154
1086;0.77577525
1087;0.6192445
1088;0.7483961
1089;0.45898965
1090;0.48801026
1091;0.48870483
1092;0.48247197
1093;0.555185
1094;0.46756148
1095;0.55062103
1096;0.78926486
1097;0.57498175
1098;0.4988344
1099;0.47045982
1100;0.60913485
1101;0.42960957
1102;0.48188555
1103;0.45642495
1104;0.43506923
1105;0.51667255
1106;0.3834692
1107;0.41129377
1108;0.60750407
1109;0.35457984
1110;0.3655438
1111;0.4530414
1112;0.41728246
1113;0.52119285
1114;0.32214257
1115;0.6412859
1116;0.32837942
1117;0.545131
1118;0.46064076
1119;0.654048
1120;0.32043365
1121;0.561765
1122;0.49672708
1123;0.67022294
1124;0.43111596
1125;0.4125093
1126;0.34041336
1127;0.34058285
1128;0.41146073
1129;0.44338307
1130;0.5524934
1131;0.53646487
1132;0.46004978
1133;0.53608394
1134;0.60507345
1135;0.550816
1136;0.8833814
1137;0.4478991
1138;0.36384258
1139;0.50893253
1140;0.98710316
1141;0.38036594
1142;0.5657874
1143;0.4675394
1144;0.29959607
1145;0.5011912
1146;0.42134556
1147;0.44898617
1148;0.4264668
1149;0.3531414
1150;0.28588843
1151;0.75949615
1152;0.5436828
1153;0.38534117
1154;0.30653635
1155;0.5979343
1156;0.40914413
1157;0.29236764
1158;0.40809563
1159;0.68661284
1160;0.75088745
1161;0.5263107
1162;0.6145504
1163;0.28941408
1164;0.4112741
1165;0.616885
1166;0.2965937
1167;0.2923588
1168;0.8196953
1169;0.29853573
1170;0.6195651
1171;0.39436904
1172;0.34045246
1173;0.5396871
1174;0.51418287
1175;0.4504443
1176;0.4210951
1177;0.6833239
1178;0.52923113
1179;0.48566058
1180;0.4899238
1181;0.47823438
1182;0.44263372
1183;0.43624905
1184;0.49866256
1185;0.47009787
1186;0.28381506
1187;0.36303696
1188;0.29152247
1189;0.27351725
1190;0.2837913
1191;0.22962897
1192;0.31177908
1193;0.35052896
1194;0.7554829
1195;0.3755752
1196;0.43594417
1197;0.2585556
1198;0.5005191
1199;0.27790412
1200;0.91531086
1201;0.35010895
1202;0.28866494
1203;0.48844424
1204;0.4344511
1205;0.5787448
1206;0.6255278
1207;0.44610646
1208;0.31265572
1209;0.28388467
1210;0.6281081
1211;0.67820996
1212;0.4533713
1213;0.3489592
1214;0.35908303
1215;0.49994913
1216;0.46948576
1217;0.67921406
1218;0.3355738
1219;0.47625497
1220;0.35405064
1221;0.7067542
1222;0.4720435
1223;0.2663097
1224;0.48628798
1225;0.64858025
1226;0.64967513
1227;0.33696866
1228;0.64748126
1229;0.36753857
1230;0.21139602
1231;0.28057802
1232;0.4410161
1233;0.4663725
1234;0.23063366
1235;0.2213021
1236;0.815789
1237;0.44455656
1238;0.5140688
1239;0.22505468
1240;0.7670639
1241;0.2333727
1242;0.22968924
1243;0.43232965
1244;0.22862522
1245;0.62516063
1246;0.8636753
1247;0.63268715
1248;0.26017705
1249;0.6508177
1250;0.94998866
1251;0.4609072
1252;0.30647346
1253;0.6187534
1254;0.6349139
1255;0.36393806
1256;0.24420738
1257;0.5328436
1258;0.2821308
1259;0.24302085
1260;0.28873208
1261;0.58749795
1262;0.28186634
1263;0.27500817
1264;0.45547172
1265;0.4738952
1266;0.4576098
1267;0.27133432
1268;0.56924057
1269;0.50306875
1270;0.52875775
1271;0.7608747
1272;0.3181881
1273;0.29067323
1274;0.90668344
1275;0.23643725
1276;0.36793566
1277;0.45197856
1278;0.36747074
1279;0.5128755
1280;0.62716705
1281;0.4524847
1282;0.24489605
1283;0.59450704
1284;0.3753709
1285;0.46154702
1286;0.6653486
1287;0.8801017
1288;0.5126531
1289;0.77104807
1290;0.23335028
1291;0.4390386
1292;0.2528971
1293;0.21325351
1294;0.4500107
1295;0.75073385
1296;0.40019956
1297;0.64534694
1298;0.9149177
1299;0.6049474
1300;0.5112874
1301;0.5936305
1302;0.5629401
1303;0.2705636
1304;0.32895818
1305;0.566487
1306;0.3577244
1307;0.30314854
1308;0.9556841
1309;0.23909806
1310;0.37395778
1311;0.56219435
1312;0.30282226
1313;0.23410709
1314;0.6345319
1315;0.86677855
1316;0.39295626
1317;0.776308
1318;0.45524177
1319;0.91841954
1320;0.62818676
1321;0.24288768
1322;0.5361083
1323;0.24943177
1324;0.42159358
1325;0.3659313
1326;0.52249116
1327;0.533793
1328;0.38578105
1329;0.98013085
1330;0.35931465
1331;0.750027
1332;0.9835556
1333;0.27708462
1334;0.39619553
1335;0.39771757
1336;0.31227088
1337;0.23715858
1338;0.54860777
1339;0.6540455
1340;0.68482137
1341;0.46625528
1342;0.5205955
1343;0.33613542
1344;0.519478
1345;0.6340164
1346;0.5693703
1347;0.38028398
1348;0.21550049
1349;0.29668418
1350;0.9276573
1351;0.5287433
1352;0.5086321
1353;0.2473584
1354;0.22718966
1355;0.5766322
1356;0.2541293
1357;0.24233691
1358;0.47390664
1359;0.41379943
1360;0.44452944
1361;0.21125178
1362;0.7886755
1363;0.8684197
1364;0.6049847
1365;0.5090441
1366;0.48561728
1367;0.84991676
1368;0.25820428
1369;0.39618883
1370;0.5235034
1371;1.2942315
1372;0.6311255
1373;0.30743438
1374;0.23429148
1375;0.28559542
1376;0.6602792
1377;0.43405223
1378;0.5412151
1379;0.29332307
1380;0.6709463
1381;0.396585
1382;0.37149706
1383;0.55493885
1384;1.0642053
1385;0.4050056
1386;0.3973979
1387;0.9149409
1388;0.2572725
1389;0.6401501
1390;0.6236915
1391;0.852156
1392;0.42259955
1393;0.41377664
1394;0.318061
1395;0.6392104
1396;0.5805326
1397;0.50427824
1398;0.24730839
1399;0.8716483
1400;0.32907352
1401;0.24839997
1402;0.26575056
1403;0.4158462
1404;0.4291503
1405;0.40072808
1406;0.56038934
1407;0.63014835
1408;0.41621414
1409;0.40652296
1410;0.25594145
1411;0.36808887
1412;0.3975022
1413;0.30651188
1414;0.35976878
1415;0.5588111
1416;0.395825
1417;0.35444835
1418;0.3435578
1419;0.77820665
1420;0.5751489
1421;0.45751658
1422;0.30399713
1423;0.38148597
1424;0.26419997
1425;0.4408957
1426;0.3188556
1427;0.23570733
1428;0.25300124
1429;0.45552635
1430;0.6050654
1431;0.4792553
1432;0.48826376
1433;0.23080331
1434;0.40943146
1435;0.27933583
1436;0.39773488
1437;0.33739746
1438;0.5606468
1439;0.4626503
1440;0.6141211
1441;0.4513973
1442;0.24023943
1443;0.60018903
1444;0.61426526
1445;0.53730696
1446;0.33631578
1447;0.37771022
1448;1.0058402
1449;0.6447025
1450;0.3150603
1451;0.27739617
1452;0.49344698
1453;0.2559158
1454;1.0234642
1455;0.44006392
1456;0.741261
1457;0.40060282
1458;0.50860554
1459;0.5214941
1460;0.2762082
1461;0.27058968
1462;0.5749448
1463;0.8926084
1464;0.21597247
1465;0.26163274
1466;0.24572031
1467;0.41872373
1468;0.52321094
1469;0.5795246
1470;0.2948706
1471;0.20947261
1472;0.51570624
1473;0.21745647
1474;0.8134367
1475;0.3674971
1476;0.41811582
1477;0.5468778
1478;0.49115387
1479;0.52376175
1480;0.8637509
1481;0.29108083
1482;0.4565905
1483;0.55457693
1484;0.23229778
1485;0.36829147
1486;0.9784263
1487;0.21666537
1488;0.46617517
1489;0.25791347
1490;0.42249203
1491;0.39574245
1492;0.35466227
1493;0.48712865
1494;0.5482199
1495;0.4011024
1496;0.8489537
1497;0.2856145
1498;0.50935644
1499;0.3248756
1500;0.48971483
1501;0.22603019
1502;0.23826776
1503;0.5506631
1504;0.37695262
1505;0.21387692
1506;0.2464798
1507;0.48958468
1508;0.65296984
1509;0.4654038
1510;0.43659505
1511;0.4075571
1512;0.7169164
1513;0.44837794
1514;0.39632407
1515;0.52538353
1516;0.59259844
1517;0.32447702
1518;0.2114805
1519;0.6792678
1520;0.21812375
1521;0.25388542
1522;0.5316223
1523;0.6171629
1524;0.57967734
1525;0.75600106
1526;0.50475264
1527;0.3605003
1528;0.24735974
1529;0.36780608
1530;0.5205496
1531;0.31477877
1532;0.6309993
1533;0.4204185
1534;0.5063384
1535;0.35996366
1536;0.39087787
1537;0.55385107
1538;0.21175985
1539;0.3521297
1540;0.42570195
1541;0.5730531
1542;0.4819808
1543;0.47246513
1544;0.51869094
1545;0.5870028
1546;0.54480386
1547;0.40633044
1548;0.6506131
1549;0.24687982
1550;0.6143286
1551;0.24527459
1552;0.23568864
1553;0.3926573
1554;0.8037138
1555;0.5298969
1556;0.7357169
1557;0.2773354
1558;0.5471467
1559;0.44466758
1560;0.6096496
1561;0.47295502
1562;0.25873795
1563;0.7482582
1564;0.23043764
1565;0.46889314
1566;0.5111147
1567;0.25870907
1568;0.34327722
1569;0.31473693
1570;0.28039864
1571;0.25986138
1572;0.3482028
1573;0.63933724
1574;0.6952937
1575;0.5735185
1576;0.5279247
1577;0.28462753
1578;0.49708256
1579;0.21525915
1580;0.38831887
1581;0.25713494
1582;0.49884424
1583;0.86829084
1584;0.73048407
1585;0.5215629
1586;0.4331874
1587;0.5214127
1588;0.5524879
1589;0.26607212
1590;0.4821366
1591;0.46469128
1592;0.461303
1593;0.50584006
1594;0.7915054
1595;0.2530792
1596;0.41470027
1597;0.66694236
1598;0.37784067
1599;0.49640408
1600;0.48131707
1601;0.28848085
1602;0.44624305
1603;0.25326708
1604;0.5096887
1605;0.6834163
1606;0.47307554
1607;0.23413418
1608;0.4464239
1609;0.46640965
1610;0.34354374
1611;0.2515581
1612;0.4435626
1613;0.36134514
1614;0.37728688
1615;0.5078992
1616;0.76393414
1617;0.7241041
1618;0.33261043
1619;0.23035948
1620;0.2336479
1621;0.4875314
1622;0.40196094
1623;0.45760846
1624;0.45656928
1625;0.4928843
1626;0.3450129
1627;0.28743798
1628;0.7373689
1629;0.25882602
1630;0.24099207
1631;0.6346964
1632;0.23641098
1633;0.22947592
1634;0.20171571
1635;0.58431256
1636;0.6444991
1637;0.48425555
1638;0.4550945
1639;0.60016686
1640;0.8302765
1641;0.46567464
1642;0.53684133
1643;0.44276288
1644;0.4554975
1645;0.25497687
1646;0.2340957
1647;0.22414784
1648;0.2754363
1649;0.45581734
1650;0.47451368
1651;0.43599308
1652;0.43783745
1653;1.1933712
1654;0.45646596
1655;0.64902395
1656;0.49848375
1657;0.52837193
1658;0.40314603
1659;0.51029986
1660;0.5589606
1661;0.39260507
1662;0.4055264
1663;0.45900884
1664;0.53608435
1665;0.1802876
1666;0.529496
1667;0.43844637
1668;0.43244898
1669;1.03755
1670;0.70271045
1671;0.39563814
1672;0.6853892
1673;0.25996718
1674;1.0286701
1675;0.32682303
1676;0.32153848
1677;0.30795848
1678;0.3213649
1679;0.24010904
1680;0.32281718
1681;0.33374265
1682;0.31074312
1683;0.4684557
1684;0.3870449
1685;0.30022112
1686;0.49864158
1687;0.595356
1688;0.25039914
1689;0.44416156
1690;0.29476497
1691;0.5232014
1692;0.4834964
1693;0.34966278
1694;0.7549135
1695;0.663378
1696;0.30148634
1697;0.42065153
1698;0.59171265
1699;0.46834883
1700;0.34671772
1701;0.4544764
1702;0.68684465
1703;0.46599856
1704;0.6817346
1705;0.4290447
1706;0.26540008
1707;0.48331735
1708;0.40155157
1709;0.5113558
1710;0.53434736
1711;0.28246167
1712;0.5360008
1713;0.63613254
1714;0.2938558
1715;0.23153234
1716;0.70281774
1717;0.8880808
1718;0.7443681
1719;0.44526634
1720;0.23010813
1721;0.51279616
1722;0.42594573
1723;0.4922947
1724;0.9958727
1725;0.2648048
1726;0.81748134
1727;0.18082713
1728;0.1899622
1729;0.31886658
1730;0.46217895
1731;0.46571413
1732;0.25017706
1733;0.4975265
1734;0.39554858
1735;0.41245162
1736;0.47038874
1737;0.29590178
1738;0.50276977
1739;0.81956077
1740;0.42394528
1741;0.49106535
1742;0.8768797
1743;0.89676523
1744;0.35028234
1745;0.36887982
1746;0.2524368
1747;0.28303394
1748;0.47356984
1749;0.58728844
1750;0.29939112
1751;0.3767008
1752;0.39421645
1753;0.25370598
1754;0.57978827
1755;0.70466113
1756;0.34069434
1757;0.6114967
1758;0.27035165
1759;0.21797578
1760;0.39674327
1761;0.55243224
1762;0.33170554
1763;0.25345376
1764;0.43619156
1765;0.5003143
1766;0.23259513
1767;0.3932979
1768;0.50883
1769;0.35371792
1770;0.24808073
1771;0.26225302
1772;0.3049034
1773;1.3426218
1774;0.24897666
1775;0.46764135
1776;0.43600973
1777;0.42692766
1778;0.53513694
1779;0.45816827
1780;1.2011023
1781;0.26843575
1782;0.48844603
1783;0.22999318
1784;0.43406
1785;0.3875402
1786;0.37891755
1787;0.23312104
1788;0.35755745
1789;0.51687413
1790;0.20147704
1791;0.3596531
1792;0.2830932
1793;1.1753588
1794;0.6571432
1795;0.50158995
1796;0.6692765
1797;0.23454928
1798;0.38543877
1799;0.166696
1800;1.164284
1801;0.26202235
1802;0.41510487
1803;0.19901796
1804;0.37817815
1805;0.64774543
1806;0.1480987
1807;0.62467736
1808;0.8597111
1809;0.14338791
1810;1.0723759
1811;0.71660495
1812;0.50918823
1813;0.33704782
1814;0.59800905
1815;0.3189719
1816;0.47355232
1817;0.5921137
1818;0.20763493
1819;0.57837534
1820;0.5160084
1821;0.61739534
1822;0.61335963
1823;0.64599293
1824;0.7152004
1825;0.53847504
1826;0.6599613
1827;0.67235446
1828;0.6756243
1829;0.48995313
1830;0.26398274
1831;0.27135125
1832;0.5182409
1833;0.8675093
1834;0.4101417
1835;0.8176593
1836;0.50925595
1837;0.33603835
1838;0.26913944
1839;0.65444857
1840;0.36970726
1841;0.8611963
1842;0.3964945
1843;0.32845792
1844;0.36127007
1845;0.41695997
1846;0.31439745
1847;0.3976253
1848;0.37409052
1849;0.56622225
1850;0.6038555
1851;0.6241047
1852;0.5449608
1853;0.59873533
1854;0.47971246
1855;0.5550259
1856;0.47108576
1857;0.491426
1858;0.2860383
1859;0.36980686
1860;0.43039668
1861;0.40477574
1862;0.44440433
1863;0.2815186
1864;0.5065302
1865;0.38078353
1866;0.28082103
1867;0.38314804
1868;0.30623883
1869;0.34549055
1870;0.31540033
1871;1.0581551
1872;0.84881836
1873;0.63984144
1874;0.32581618
1875;0.46222413
1876;0.25793055
1877;0.4202782
1878;0.28887728
1879;0.3100215
1880;0.5847601
1881;0.21369259
1882;0.33585206
1883;0.6995767
1884;0.24814524
1885;0.21138231
1886;0.36855164
1887;0.3960404
1888;0.57469374
1889;0.19457483
1890;0.68233013
1891;0.23907721
1892;0.5134999
1893;0.46905148
1894;0.6692441
1895;0.24393494
1896;0.46426082
1897;0.42085543
1898;0.7465139
1899;0.3272531
1900;0.4017999
1901;0.913976
1902;0.22466885
1903;0.40505505
1904;0.37486053
1905;0.5024962
1906;0.4959265
1907;0.4387571
1908;0.286701
1909;0.5858607
1910;0.53327304
1911;1.0538534
1912;0.44540048
1913;0.39336666
1914;0.36498323
1915;1.0756975
1916;0.3249149
1917;0.460106
1918;0.52127063
1919;0.22069411
1920;0.45900694
1921;0.4608825
1922;0.44641367
1923;0.40413603
1924;0.29273632
1925;0.25175697
1926;0.77440137
1927;0.43756118
1928;0.31721798
1929;0.25160524
1930;0.5189471
1931;0.45405713
1932;0.21789919
1933;0.4448351
1934;0.7856752
1935;0.5473963
1936;0.45173502
1937;0.59686553
1938;0.2549295
1939;0.37161657
1940;0.6369081
1941;0.27623898
1942;0.25018582
1943;0.9019111
1944;0.22140484
1945;0.6191239
1946;0.38770112
1947;0.22494633
1948;0.47127065
1949;0.50466895
1950;0.50128776
1951;0.45250845
1952;0.711149
1953;0.4233768
1954;0.47595778
1955;0.46133032
1956;0.4912876
1957;0.32522926
1958;0.33219197
1959;0.40426087
1960;0.44694236
1961;0.21538699
1962;0.27886283
1963;0.22404282
1964;0.2096088
1965;0.22009854
1966;0.16713381
1967;0.2500373
1968;0.27308998
1969;1.0981134
1970;0.27456072
1971;0.39096364
1972;0.20084338
1973;0.47112235
1974;0.20036995
1975;1.0209248
1976;0.28162408
1977;0.23549084
1978;0.45629415
1979;0.36877036
1980;0.539828
1981;0.55683947
1982;0.315011
1983;0.21812065
1984;0.23250651
1985;0.6396511
1986;0.549407
1987;0.44547567
1988;0.26560003
1989;0.42612728
1990;0.4388059
1991;0.39684495
1992;0.62477285
1993;0.2536498
1994;0.5237008
1995;0.32673725
1996;0.70118946
1997;0.43327764
1998;0.18316968
1999;0.3709348
2000;0.5904127
2001;0.9933525
2002;0.25859535
2003;0.59570116
2004;0.35230684
2005;0.18832903
2006;0.21727185
2007;0.32022402
2008;0.46473038
2009;0.679774
2010;0.17797087
2011;0.8491518
2012;0.68609315
2013;0.5134595
2014;0.87129885
2015;0.6981859
2016;0.16846476
2017;0.29541686
2018;0.40321073
2019;0.16477084
2020;0.84798425
2021;0.96178794
2022;0.5845836
2023;0.6006334
2024;0.78486824
2025;1.1726934
2026;0.50948644
2027;0.35977134
2028;1.0919613
2029;0.50001097
2030;0.37335292
2031;0.7105717
2032;0.5208606
2033;0.27941886
2034;0.62609005
2035;0.29032174
2036;0.58308333
2037;0.30099508
2038;0.2885203
2039;0.45730266
2040;0.41036344
2041;0.647224
2042;0.2903446
2043;0.46197724
2044;0.39244804
2045;0.48447287
2046;0.585114
2047;0.35525498
2048;0.27251747
2049;0.8392687
2050;0.26062402
2051;0.36856008
2052;0.28925017
2053;0.34600115
2054;0.6483813
2055;0.65792876
2056;0.4974128
2057;1.0422174
2058;0.24736899
2059;0.22571091
2060;0.2549825
2061;0.22210151
2062;0.49276075
2063;0.29889426
2064;0.4813877
2065;0.23865277
2066;0.41029465
2067;0.25072983
2068;0.19898808
2069;0.3024768
2070;0.51828927
2071;0.30378225
2072;0.53480875
2073;0.76913214
2074;0.43064392
2075;0.35996065
2076;0.6943322
2077;0.65650225
2078;0.29736742
2079;0.4544753
2080;0.6555651
2081;0.48813573
2082;0.30780336
2083;0.8390743
2084;0.1868676
2085;0.42044783
2086;0.54995346
2087;0.3356758
2088;0.18283145
2089;0.6821232
2090;0.80929023
2091;0.3697957
2092;0.89511293
2093;0.401342
2094;0.9438813
2095;0.53830165
2096;0.6278558
2097;0.63177764
2098;0.18845518
2099;0.30201086
2100;0.3776234
2101;0.55256516
2102;0.53756034
2103;0.29358655
2104;1.1181589
2105;0.3605661
2106;1.0392902
2107;1.2304918
2108;0.28856486
2109;0.41209412
2110;0.35451695
2111;0.36626926
2112;0.17232454
2113;0.74943256
2114;1.19723
2115;1.0483708
2116;0.26882875
2117;0.76278514
2118;1.1300046
2119;1.331289
2120;0.71020937
2121;0.60651374
2122;0.5955332
2123;0.22333229
2124;0.7966334
2125;1.315538
2126;0.6556277
2127;0.5811658
2128;0.8342771
2129;0.22900255
2130;0.52718383
2131;0.8742264
2132;0.21780865
2133;0.5725406
2134;0.39629874
2135;0.49378657
2136;0.20766445
2137;0.3205798
2138;0.6443809
2139;0.6096845
2140;0.49062133
2141;0.46070638
2142;0.45604584
2143;0.2676979
2144;0.31048802
2145;0.53504306
2146;1.0427204
2147;0.65237653
2148;0.3000022
2149;0.22332847
2150;0.2486748
2151;0.74887353
2152;0.38643858
2153;0.6348286
2154;0.27607965
2155;0.64092916
2156;0.3320059
2157;0.35859
2158;0.5733555
2159;0.9170699
2160;0.41341862
2161;0.339108
2162;0.9211983
2163;0.29415777
2164;0.50167584
2165;0.6981365
2166;0.9799835
2167;0.53319865
2168;0.40759626
2169;0.33710623
2170;0.65986055
2171;0.8245414
2172;0.44059858
2173;0.24653713
2174;0.7722538
2175;0.3325894
2176;0.2491541
2177;0.2770753
2178;0.50807875
2179;0.42857525
2180;0.31834325
2181;0.49062613
2182;0.54075044
2183;0.34769353
2184;0.39847276
2185;0.2706547
2186;0.511752
2187;0.2986195
2188;0.30519873
2189;0.29878762
2190;0.59605426
2191;0.41060933
2192;0.716613
2193;0.37446585
2194;0.77966243
2195;0.56843096
2196;0.4567131
2197;0.40388933
2198;0.3019655
2199;0.31164932
2200;0.32944763
2201;0.368819
2202;0.22115338
2203;0.31032822
2204;0.41277775
2205;0.6884985
2206;0.44665167
2207;0.44950625
2208;0.26423624
2209;0.36794004
2210;0.2423147
2211;0.34270087
2212;0.30438676
2213;0.68727595
2214;0.39923096
2215;0.6902129
2216;0.52766985
2217;0.16930358
2218;0.68550426
2219;0.55263054
2220;0.53032714
2221;0.34194896
2222;0.44722107
2223;0.85318166
2224;0.7368714
2225;0.30390203
2226;0.2920388
2227;0.5470086
2228;0.23309088
2229;1.0582337
2230;0.37761173
2231;0.72369593
2232;0.4189379
2233;0.4682521
2234;0.5218231
2235;0.30220833
2236;0.8847317
2237;0.5535553
2238;0.73603183
2239;0.23128624
2240;0.2373207
2241;0.27148923
2242;0.3776063
2243;0.48961362
2244;0.4746047
2245;0.27360657
2246;0.21524374
2247;0.50478435
2248;0.2339227
2249;0.74701494
2250;0.3449717
2251;0.39540794
2252;0.5295108
2253;0.48333612
2254;0.52954024
2255;0.8560086
2256;0.29742667
2257;0.63895386
2258;0.545137
2259;0.24398895
2260;0.33343363
2261;1.0855478
2262;0.2230603
2263;0.5180223
2264;0.25991696
2265;0.5042866
2266;0.33609745
2267;0.29272762
2268;0.38925648
2269;0.5156328
2270;0.3178885
2271;0.890904
2272;0.2420286
2273;0.5621562
2274;0.43580326
2275;0.39690885
2276;0.20457248
2277;0.23730375
2278;0.4206343
2279;0.56212926
2280;0.21382035
2281;0.2568972
2282;0.51768386
2283;0.6034139
2284;0.46961924
2285;0.392601
2286;0.36066142
2287;0.6837732
2288;0.43628255
2289;0.32698438
2290;0.49049103
2291;0.38364312
2292;0.27279964
2293;0.20405601
2294;0.65428615
2295;0.22023441
2296;0.28644028
2297;0.53411365
2298;0.5598364
2299;0.827728
2300;0.6503551
2301;0.49546227
2302;0.4231588
2303;0.58129567
2304;0.4372357
2305;0.33051798
2306;0.32516596
2307;0.5980642
2308;0.33595076
2309;0.5206366
2310;0.31459188
2311;0.32296732
2312;0.5392858
2313;0.85810715
2314;0.6130771
2315;0.41073975
2316;0.64702326
2317;0.74134445
2318;0.44038543
2319;0.49382186
2320;0.57064927
2321;0.5041472
2322;0.3759276
2323;0.5778602
2324;0.6601071
0;0.63031393
1;0.20421231
2;0.22932757
3;0.35599482
4;0.5628878
5;0.49626127
6;0.7381766
7;0.28233966
8;0.40352288
9;0.40882897
10;0.5777979
11;0.5520007
12;0.248497
13;0.664261
14;0.26799896
15;0.4275984
16;0.5582616
17;0.3481098
18;0.29594854
19;0.37960884
20;0.33404553
21;0.34747207
22;0.28718957
23;0.6124167
24;0.6238139
25;0.43070617
26;0.6161724
27;0.31383315
28;0.5142297
29;0.21766834
30;0.3586533
31;0.2987292
32;0.52811676
33;0.88087994
34;0.70534325
35;0.50917053
36;0.38075218
37;0.58323544
38;0.44857797
39;0.20685409
40;0.49806893
41;0.4795642
42;0.38183773
43;0.41184592
44;0.7419377
45;0.20936255
46;0.33564496
47;0.65020245
48;0.3017259
49;0.525398
50;0.5066864
51;0.26673037
52;0.32382083
53;0.24935167
54;0.5048608
55;0.6359243
56;0.42035937
57;0.24102806
58;0.43661103
59;0.42530528
60;0.2886466
61;0.25948855
62;0.4145075
63;0.30951455
64;0.28205347
65;0.6997922
66;0.6318626
67;0.994652
68;0.25023273
69;0.2392047
70;0.2324721
71;0.28905818
72;0.3048406
73;0.5112774
74;0.37522784
75;0.40254545
76;0.38877234
77;0.41939917
78;0.657443
79;0.208914
80;0.26232997
81;0.57912976
82;0.25637737
83;0.22352356
84;0.21553415
85;0.47481444
86;0.61608833
87;0.45607534
88;0.42727694
89;0.5264327
90;0.33379257
91;0.5393831
92;0.47694036
93;0.5024793
94;0.41124392
95;0.2553641
96;0.24689512
97;0.19504519
98;0.28217584
99;0.53371924
100;0.4750589
101;0.30533892
102;0.497039
103;0.8395507
104;0.5363081
105;0.85050297
106;0.5251407
107;0.7874794
108;0.6741602
109;0.5368548
110;0.7906235
111;0.51131856
112;0.5159907
113;0.5554819
114;0.53365976
115;0.96844596
116;0.5299668
117;0.6642737
118;0.42417017
119;1.7787639
120;0.5713898
121;0.26775292
122;0.31136784
123;0.29377186
124;0.41898024
125;0.2274855
126;0.5186491
127;0.31931785
128;0.24607271
129;0.2197153
130;0.28962246
131;0.35905764
132;0.41635606
133;0.43206796
134;0.2946986
135;0.9079538
136;0.4849774
137;0.48530695
138;0.25624606
139;0.40995288
140;0.2635551
141;0.43743327
142;0.42828417
143;0.25331357
144;0.7699733
145;0.80330294
146;0.25475565
147;0.41565964
148;0.6064301
149;0.6227716
150;0.45965168
151;0.64808416
152;0.60788196
153;0.4216528
154;0.8057428
155;0.38671067
156;0.20855571
157;0.41579548
158;0.21434511
159;0.26596057
160;0.5103952
161;0.24028641
162;0.45276535
163;0.5844788
164;0.2513759
165;0.2303759
166;0.67486805
167;0.88637686
168;0.7045905
169;0.35744247
170;0.2438382
171;0.41261664
172;0.37141737
173;0.51059395
174;0.94645524
175;0.3109791
176;0.67949134
177;0.15078156
178;0.1572811
179;0.32584316
180;0.3393909
181;0.4350996
182;0.25649014
183;0.43659756
184;0.3554311
185;0.37307307
186;0.51384395
187;0.27456895
188;0.46437064
189;0.7719919
190;0.3787016
191;0.42323843
192;0.94551724
193;0.587112
194;0.3085848
195;0.3318785
196;0.2802973
197;0.31048542
198;0.40644515
199;0.5995738
200;0.29585534
201;0.3275198
202;0.47585297
203;0.18715473
204;0.5242911
205;0.47963586
206;0.30450457
207;0.9403642
208;0.23136544
209;0.14943174
210;0.39796615
211;0.68577844
212;0.2986751
213;0.26025456
214;0.484362
215;0.42984426
216;0.16983075
217;0.3740394
218;0.4703156
219;0.2941803
220;0.15946798
221;0.27027264
222;0.3309912
223;1.1222864
224;0.1438343
225;0.44802344
226;0.34100735
227;0.5472737
228;0.24989474
229;0.7403353
230;0.5254378
231;0.24103339
232;0.34405866
233;0.28174827
234;0.4166896
235;0.57862365
236;0.550185
237;0.26533517
238;0.66237116
239;0.61285466
240;0.12904657
241;0.6722493
242;0.28434968
243;0.42570424
244;0.3225955
245;0.43371892
246;0.6590484
247;0.2017805
248;0.31542352
249;0.1542425
250;1.0045347
251;0.22346388
252;0.44808555
253;0.21937923
254;0.23671073
255;0.5029011
256;0.1582507
257;0.4093347
258;0.865496
259;0.1562233
260;0.4597063
261;0.5818743
262;0.73869246
263;0.2810818
264;0.6050961
265;0.30194685
266;0.30854186
267;0.78462154
268;0.27434376
269;0.6318765
270;0.526072
271;0.4601103
272;0.44079316
273;0.8051794
274;0.63590795
275;0.43149397
276;0.52567405
277;0.579077
278;0.36680877
279;0.44352856
280;0.2796133
281;0.23683654
282;0.3454039
283;0.83052015
284;0.34491858
285;0.6029271
286;0.6566546
287;0.22406407
288;0.26294392
289;0.6277593
290;0.26839343
291;0.29133478
292;0.36623964
293;0.31518963
294;0.2691137
295;0.3355447
296;0.21990673
297;0.41927412
298;0.28543738
299;0.49782827
300;0.5455919
301;0.44090846
302;0.5942468
303;0.41641095
304;0.41157258
305;0.5174525
306;0.4001944
307;0.47967052
308;0.23602928
309;0.33245552
310;0.42742053
311;0.3806099
312;0.2920278
313;0.47953537
314;0.32998854
315;0.31937674
316;0.28106734
317;0.2588613
318;0.3608891
319;0.31210515
320;0.36062527
321;0.92656565
322;0.60688937
323;0.6075801
324;0.31148204
325;0.4371545
326;0.21887493
327;0.4459693
328;0.25566542
329;0.29670206
330;0.49849018
331;0.22457917
332;0.22363807
333;0.67611885
334;0.27148303
335;0.18021087
336;0.2731265
337;0.30613208
338;0.43785894
339;0.16975634
340;0.61999893
341;0.3001378
342;0.40473542
343;0.45340267
344;0.6695237
345;0.21915011
346;0.32309058
347;0.34368515
348;0.7726979
349;0.43992266
350;0.3371949
351;0.2697429
352;0.299571
353;0.32138878
354;0.4143032
355;0.47579765
356;0.19973405
357;0.34979534
358;0.41280556
359;0.62321043
360;0.4451367
361;0.29138592
362;0.48006853
363;0.54441273
364;0.21617305
365;0.5563233
366;0.3691382
367;0.2836356
368;0.66034865
369;0.18883872
370;0.38348258
371;0.5759806
372;0.6050089
373;0.4791777
374;0.35622838
375;0.25768188
376;0.5573391
377;0.6317511
378;0.27042377
379;0.3751898
380;0.32505438
381;0.6477364
382;0.17948179
383;0.53446853
384;1.0783871
385;0.49625936
386;0.32968876
387;0.6330127
388;0.19730596
389;0.7899654
390;0.67610484
391;0.33499894
392;0.18190517
393;1.0322999
394;0.16529109
395;0.7279071
396;0.41510236
397;0.15923649
398;0.29155174
399;0.45760664
400;0.52935714
401;0.4405854
402;0.70775867
403;0.28290173
404;0.5047877
405;0.4398693
406;0.49858323
407;0.24824202
408;0.4418652
409;0.3053034
410;0.52568763
411;0.19269662
412;0.21760726
413;0.19102252
414;0.9239059
415;0.12905264
416;0.09396284
417;0.22187762
418;0.28821343
419;1.4221421
420;0.21288037
421;0.42263398
422;0.8087303
423;0.55535287
424;0.15723449
425;0.91885644
426;0.21647628
427;0.24421738
428;0.3733072
429;0.33178315
430;0.5549154
431;0.5701082
432;0.3131927
433;0.17266639
434;0.20678927
435;0.4846462
436;0.62186384
437;0.3020588
438;0.24708627
439;0.3648757
440;0.48140898
441;0.3278753
442;0.55461985
443;0.23094481
444;0.47853336
445;0.37496093
446;0.74017996
447;0.3444811
448;0.12379324
449;0.31468043
450;0.604892
451;1.1957921
452;0.23500657
453;0.58315873
454;0.28264114
455;0.22972496
456;0.3442433
457;0.50823194
458;0.51147324
459;0.17892165
460;0.17747557
461;0.90453476
462;0.5298417
463;1.1279731
464;0.19222198
465;0.5713557
466;0.21860147
467;0.1804561
468;0.5808872
469;0.20316124
470;0.47257695
471;0.9379997
472;0.6124867
473;0.1974972
474;0.7800452
475;0.81954736
476;0.45064077
477;0.21145613
478;0.772211
479;0.5397845
480;0.25106868
481;0.5033677
482;0.36140695
483;0.22895972
484;0.20072162
485;0.23084252
486;0.5829987
487;0.23490058
488;0.17587821
489;0.29315844
490;0.42559862
491;0.52991205
492;0.15738088
493;0.5383372
494;0.5053641
495;0.47609723
496;0.9479421
497;0.24255192
498;0.34786367
499;0.8014176
500;0.23646288
501;0.30341813
502;0.28023922
503;0.46774474
504;0.75083804
505;0.7531776
506;0.39522353
507;0.7434068
508;0.51451045
509;0.2779581
510;0.2888764
511;0.63515145
512;0.85332775
513;0.48688683
514;0.8969787
515;0.4014267
516;0.45225704
517;0.571515
518;0.67697936
519;0.74241656
520;0.9047286
521;0.43713227
522;1.1085683
523;0.91802955
524;0.7825324
525;0.5700406
526;0.28308353
527;0.31599623
528;0.6074185
529;0.2267505
530;0.34004322
531;0.2795998
532;0.35010457
533;0.6051454
534;0.3387961
535;0.32277897
536;0.2875313
537;0.40010628
538;0.23508227
539;0.6556128
540;0.83423185
541;0.35781503
542;0.6782815
543;0.8747038
544;0.9001828
545;0.54956216
546;0.71848494
547;0.7305553
548;0.23440231
549;0.2978393
550;0.5472529
551;0.43209326
552;0.5584854
553;0.32706222
554;0.61973876
555;0.36891162
556;0.8087179
557;0.74106646
558;0.2649568
559;0.3670324
560;0.38041076
561;0.27308115
562;0.3846508
563;0.5274818
564;0.51583403
565;0.36606446
566;0.32868877
567;0.38264248
568;0.34407744
569;0.40773916
570;0.5594788
571;0.6101045
572;0.4650284
573;0.17999093
574;0.2906231
575;0.8439353
576;0.5935112
577;0.5621851
578;0.23758854
579;0.13597567
580;0.49692217
581;0.2716293
582;0.5136306
583;0.46548092
584;0.37154546
585;0.35464373
586;0.15354651
587;0.6936565
588;1.0902921
589;0.61077315
590;0.5527877
591;0.5135763
592;0.84596205
593;0.19838627
594;0.25951862
595;0.6019219
596;1.5137014
597;0.6358074
598;0.1822524
599;0.18438117
600;0.16222684
601;0.61832863
602;0.28829458
603;0.56425637
604;0.23449035
605;0.6286083
606;0.41798767
607;0.38754216
608;0.53520113
609;1.0603689
610;0.44417787
611;0.30987653
612;0.67170143
613;0.24492724
614;0.4708767
615;0.46914124
616;0.3878263
617;0.73066634
618;0.24957015
619;0.2380528
620;0.7272803
621;0.46302927
622;0.5463868
623;0.22041857
624;0.98135144
625;0.24178024
626;0.2150984
627;0.24031532
628;0.46223482
629;0.3123119
630;0.25136575
631;0.40848982
632;0.5569815
633;0.29980543
634;0.275406
635;0.22190624
636;0.26719794
637;0.20578174
638;0.25622606
639;0.23933797
640;0.52418494
641;0.32613122
642;0.33414388
643;0.3230774
644;0.8163286
645;0.4222127
646;0.32562456
647;0.55262065
648;0.25505295
649;0.29073346
650;0.31632623
651;0.44669056
652;0.16235152
653;0.2067856
654;0.33796084
655;0.6885733
656;0.5215147
657;0.3998181
658;0.21621378
659;0.33451462
660;0.14636974
661;0.22799402
662;0.23044693
663;0.5647932
664;0.25829646
665;0.69163543
666;0.330264
667;0.16721778
668;0.6711505
669;0.68286437
670;0.57441396
671;0.509257
672;0.4043843
673;0.6669937
674;0.64647293
675;0.28518102
676;0.32753095
677;0.36307356
678;0.18372397
679;1.0082251
680;0.354442
681;0.75409913
682;0.33187982
683;0.55012965
684;0.42488596
685;0.27393976
686;0.3174392
687;0.6332833
688;0.76740414
689;0.17556334
690;0.14437118
691;0.21646924
692;0.29514074
693;0.3942039
694;0.41243735
695;0.21807748
696;0.16166587
697;0.586967
698;0.18196706
699;0.47917736
700;0.27454862
701;0.25671172
702;0.56875116
703;0.49609527
704;0.468443
705;1.0497671
706;0.2818958
707;0.6548385
708;0.6337438
709;0.25092238
710;0.2853283
711;1.2522196
712;0.17376924
713;0.48101068
714;0.21775793
715;0.42371503
716;0.254832
717;0.2895389
718;0.24987023
719;0.571492
720;0.22922458
721;0.9798998
722;0.18739934
723;0.5239808
724;0.7273152
725;0.30425537
726;0.14446409
727;0.19613765
728;0.44419774
729;0.6906259
730;0.17364228
731;0.29365334
732;0.6565265
733;0.64019275
734;0.49882016
735;0.41236845
736;0.273226
737;0.69187576
738;0.3802586
739;0.32497147
740;0.25125596
741;0.35594335
742;0.25814858
743;0.1482674
744;0.663739
745;0.5059865
746;0.22483318
747;0.5704176
748;0.5088759
749;0.48326838
750;0.9459975
751;0.4353148
752;0.28271106
753;0.20993525
754;0.27370414
755;0.60648155
756;0.26196793
757;0.68878865
758;0.27663794
759;0.6659112
760;0.19042248
761;0.357204
762;0.44506153
763;0.17480855
764;0.20577012
765;0.40183783
766;0.5242593
767;0.44182014
768;0.361118
769;0.6158027
770;0.5244238
771;0.23125036
772;0.23709047
773;0.70742255
774;0.49538413
775;0.64192766
776;0.18907766
777;0.16714543
778;0.26465994
779;0.4686935
780;0.53643006
781;0.710203
782;0.26458338
783;0.33387756
784;0.4105691
785;0.58121175
786;0.6123734
787;0.29536858
788;0.59509236
789;0.200881
790;0.27198803
791;0.55391663
792;0.3229205
793;0.21450664
794;0.4164749
795;0.29693434
796;0.3540658
797;0.20171316
798;0.5885739
799;0.6296162
800;0.38299426
801;0.6721999
802;0.30895337
803;0.5277578
804;0.18455099
805;0.2586222
806;0.23106337
807;0.5429277
808;0.90079445
809;0.70601535
810;0.5084633
811;0.3416039
812;0.6418247
813;0.3465401
814;0.1510887
815;0.50024647
816;0.48433137
817;0.3784723
818;0.34454885
819;0.83641404
820;0.17484443
821;0.27580306
822;0.706351
823;0.23671935
824;0.53434396
825;0.50753605
826;0.22401126
827;0.3224653
828;0.18673392
829;0.3666209
830;0.57690597
831;0.3712546
832;0.19761275
833;0.41563663
834;0.3947425
835;0.22370459
836;0.23633246
837;0.3107353
838;0.28188974
839;0.25348964
840;0.6855197
841;0.7182226
842;1.1200107
843;0.2859537
844;0.21347935
845;0.21541904
846;0.23956724
847;0.2580241
848;0.5872067
849;0.28325424
850;0.34509048
851;0.3835589
852;0.48582554
853;0.64357966
854;0.15184401
855;0.21251743
856;0.63721514
857;0.20632555
858;0.20952408
859;0.17299096
860;0.4596717
861;0.652713
862;0.39781928
863;0.38184595
864;0.5251511
865;0.2261883
866;0.5308891
867;0.49539077
868;0.37281504
869;0.29876718
870;0.19435704
871;0.16562712
872;0.22529964
873;0.2523612
874;0.36483666
875;0.39115787
876;0.69708425
877;0.31606725
878;1.1948014
879;0.23759817
880;0.42104673
881;0.34855798
882;0.41832677
883;0.35857856
884;0.7588602
885;0.51489854
886;0.30319402
887;0.30849636
888;0.353479
889;0.6181549
890;0.15894425
891;0.58249414
892;0.27559963
893;0.45973358
894;0.6786246
895;0.6581169
896;0.7143734
897;0.8123541
898;0.5690412
899;1.128932
900;0.15917778
901;0.25687194
902;0.19038339
903;0.16752167
904;0.17621382
905;0.5246113
906;0.2900977
907;0.26077762
908;0.32369757
909;0.27959782
910;0.29877782
911;0.5607907
912;0.67645526
913;0.21883778
914;0.23949511
915;0.1943142
916;0.27083558
917;0.60307616
918;0.23824799
919;0.89490443
920;0.70591927
921;0.28373435
922;0.3985705
923;0.32752776
924;0.48700342
925;0.36251256
926;0.45173177
927;0.3610842
928;0.570383
929;0.79772073
930;0.32768187
931;0.2927328
932;0.65364224
933;0.3633525
934;0.41761258
935;0.36796534
936;0.112968184
937;0.2648881
938;0.61881024
939;0.23280166
940;0.3160016
941;0.40080452
942;0.79088813
943;0.6666885
944;0.3384227
945;0.18979222
946;0.24090727
947;0.33306238
948;0.29517332
949;0.83910745
950;0.28657332
951;0.5571485
952;0.1713505
953;0.18529089
954;0.32873654
955;0.37678304
956;0.40057054
957;0.18490404
958;0.47177958
959;0.36553457
960;0.43792024
961;0.5847334
962;0.22697015
963;0.3283608
964;0.6161872
965;0.24919105
966;0.33644888
967;0.81365186
968;0.80538464
969;0.26052415
970;0.26095673
971;0.25691667
972;0.5213268
973;0.3147203
974;0.51505876
975;0.2969058
976;0.22347201
977;0.5399835
978;0.21609879
979;0.6380603
980;0.5860935
981;0.17414343
982;0.85696363
983;0.2502347
984;0.15488358
985;0.21079439
986;0.365383
987;0.28086832
988;0.19419892
989;0.39012268
990;0.32267034
991;0.17663772
992;0.26378152
993;0.4320673
994;0.22312391
995;0.17106526
996;0.20792176
997;0.2481728
998;0.7220941
999;0.15495773
1000;0.553034
1001;0.4768828
1002;0.48823896
1003;0.42677793
1004;0.46390113
1005;0.71931833
1006;0.11525314
1007;0.32192653
1008;0.18483357
1009;0.45819268
1010;0.31267467
1011;0.41684893
1012;0.15942675
1013;0.32577154
1014;0.35604867
1015;0.13805899
1016;0.5184409
1017;0.25071692
1018;0.5212218
1019;0.38628164
1020;0.3752221
1021;0.5929182
1022;0.14257309
1023;0.18977487
1024;0.1430652
1025;0.83295345
1026;0.15023407
1027;0.315572
1028;0.22907175
1029;0.12703456
1030;0.47420833
1031;0.12607981
1032;0.34926367
1033;0.8846151
1034;0.12892129
1035;0.18097095
1036;0.4446071
1037;0.50574446
1038;0.19509137
1039;0.61844486
1040;0.24646552
1041;0.25837374
1042;0.64505124
1043;0.3212467
1044;0.73448056
1045;0.28159198
1046;0.3693947
1047;0.2931465
1048;0.9953744
1049;0.54398316
1050;0.2935736
1051;0.45370093
1052;0.54515404
1053;0.23630221
1054;0.27752587
1055;0.3367463
1056;0.15508574
1057;0.25755045
1058;0.87099457
1059;0.2400692
1060;0.7721157
1061;0.4748542
1062;0.29284504
1063;0.23096661
1064;0.60331786
1065;0.19990094
1066;0.8020334
1067;0.693872
1068;0.24648415
1069;0.25972036
1070;0.23800634
1071;0.19518715
1072;0.71961117
1073;0.24187939
1074;0.2865561
1075;0.36797985
1076;0.43464136
1077;0.64624447
1078;0.2243192
1079;0.26565778
1080;0.37909958
1081;0.23609978
1082;0.37849292
1083;0.24639678
1084;0.20754476
1085;0.42420778
1086;0.41282248
1087;0.1834004
1088;0.54122835
1089;0.30618876
1090;0.21921988
1091;0.3526751
1092;0.25954917
1093;0.43878555
1094;0.35929725
1095;0.66282433
1096;0.9247298
1097;0.5658994
1098;0.45290557
1099;0.23116018
1100;0.37946746
1101;0.20157166
1102;0.37906972
1103;0.27621937
1104;0.22224681
1105;0.5067397
1106;0.2106864
1107;0.14154989
1108;0.7700839
1109;0.14584632
1110;0.15086043
1111;0.17538673
1112;0.22713833
1113;0.46664906
1114;0.1431328
1115;0.539944
1116;0.29342172
1117;0.43993416
1118;0.38290563
1119;0.6304849
1120;0.11653147
1121;0.25331905
1122;0.25607377
1123;0.7622835
1124;0.5547617
1125;0.30064735
1126;0.1863147
1127;0.3471544
1128;0.252607
1129;0.40261722
1130;0.43559384
1131;0.09246365
1132;0.300391
1133;0.45856524
1134;0.6446452
1135;0.31699505
1136;0.5563995
1137;0.52637285
1138;0.73948145
1139;0.18798351
1140;0.686145
1141;0.29322398
1142;0.2910818
1143;0.49232033
1144;0.5811797
1145;0.38521042
1146;0.21838607
1147;0.23038661
1148;0.521319
1149;0.592254
1150;0.14046441
1151;1.210343
1152;0.6940806
1153;0.59049636
1154;0.22216384
1155;0.5683091
1156;0.20625556
1157;0.5106925
1158;0.18489741
1159;0.6428532
1160;0.58453834
1161;0.77386236
1162;0.3534796
1163;0.19929962
1164;0.3566842
1165;0.8447959
1166;0.2740018
1167;0.17711417
1168;1.1348808
1169;0.1254452
1170;0.70869786
1171;0.31027767
1172;0.12734526
1173;0.39510968
1174;0.41687652
1175;0.70335454
1176;0.23491704
1177;0.38557842
1178;0.38371435
1179;0.36817488
1180;0.24798293
1181;0.37791237
1182;0.1821617
1183;0.19553177
1184;0.23402636
1185;0.25319648
1186;0.1308642
1187;0.2492519
1188;0.12302568
1189;0.58492774
1190;0.16708404
1191;0.1065863
1192;0.16708179
1193;0.23563302
1194;1.2041186
1195;0.1275445
1196;0.2065974
1197;0.5308015
1198;0.459433
1199;0.15250744
1200;1.0285705
1201;0.17872338
1202;0.17263097
1203;0.41200957
1204;0.43073368
1205;0.317358
1206;0.5968459
1207;0.19853608
1208;0.107558794
1209;0.11285684
1210;0.45546976
1211;0.45147398
1212;0.24472602
1213;0.19464113
1214;0.46149287
1215;0.38053688
1216;0.34034386
1217;0.41353646
1218;0.08221005
1219;0.28776225
1220;0.44140103
1221;0.7404681
1222;0.45110407
1223;0.09406614
1224;0.2235864
1225;0.6474116
1226;1.2993375
1227;0.10338381
1228;0.8078706
1229;0.3712727
1230;0.2120737
1231;0.28192458
1232;0.23150109
1233;0.17665498
1234;0.12679891
1235;0.098550774
1236;1.098078
1237;0.23029067
1238;0.8123742
1239;0.44476247
1240;0.40808538
1241;0.20226085
1242;0.09194548
1243;0.8224395
1244;0.16106272
1245;0.42615256
1246;0.8054535
1247;0.5802153
1248;0.12220925
1249;0.7901602
1250;0.64482355
1251;0.4115316
1252;0.14364828
1253;0.9902622
1254;0.64972097
1255;0.18402612
1256;0.4789127
1257;0.24203837
1258;0.29707706
1259;0.35634267
1260;0.26505372
1261;0.42709765
1262;0.17495973
1263;0.06743961
1264;0.19526224
1265;0.42067537
1266;0.48986232
1267;0.13461779
1268;0.2650896
1269;0.2784097
1270;0.4280034
1271;0.6887903
1272;0.28612927
1273;0.4315386
1274;0.8133907
1275;0.16075732
1276;0.3599907
1277;0.16422243
1278;0.78319883
1279;1.0348798
1280;0.89397806
1281;0.40840414
1282;0.65200055
1283;0.44491386
1284;0.08747756
1285;0.13680455
1286;0.36541128
1287;0.5136583
1288;0.20700206
1289;0.6624568
1290;0.12154586
1291;0.31956124
1292;0.12756686
1293;0.121186815
1294;0.31797877
1295;0.5936616
1296;0.2889824
1297;0.68941945
1298;0.60087264
1299;0.43710038
1300;0.26315597
1301;0.34669828
1302;0.76712805
1303;0.33124503
1304;0.36329618
1305;0.2997366
1306;0.31644288
1307;0.24032001
1308;0.78344893
1309;0.18768938
1310;0.3297297
1311;0.22677664
1312;0.2669454
1313;0.100437574
1314;0.3941845
1315;0.630981
1316;0.26711935
1317;0.92785925
1318;0.8557887
1319;0.9713647
1320;0.61036736
1321;0.545523
1322;0.57304436
1323;0.09840661
1324;0.14442231
1325;0.5718531
1326;0.49179387
1327;0.65730083
1328;0.21925008
1329;0.80357504
1330;0.3886484
1331;0.74623555
1332;1.0489893
1333;0.1294702
1334;0.1860636
1335;0.49007776
1336;0.11930742
1337;0.31088272
1338;0.5392793
1339;0.33621553
1340;0.37466168
1341;0.15769064
1342;0.2644169
1343;0.18824665
1344;0.34988442
1345;0.517468
1346;0.30854106
1347;0.20731173
1348;0.08594457
1349;0.19642837
1350;0.53248775
1351;0.2509642
1352;0.28747234
1353;0.13955444
1354;0.09020566
1355;0.53038
1356;0.18465196
1357;0.40950322
1358;0.50768656
1359;0.23526399
1360;0.25695333
1361;0.08655993
1362;0.5035474
1363;1.0782338
1364;0.64168525
1365;0.43796507
1366;0.6035604
1367;0.48039865
1368;0.16931355
1369;0.2539441
1370;0.515176
1371;1.0626549
1372;0.4229196
1373;0.17365377
1374;0.16143128
1375;0.15280375
1376;0.47848567
1377;0.21436536
1378;0.79543227
1379;0.14535353
1380;0.7884981
1381;0.3266385
1382;0.3799449
1383;0.6553073
1384;0.64773506
1385;0.4526334
1386;0.2765591
1387;0.7361483
1388;0.22791989
1389;0.45440722
1390;0.43888363
1391;0.1596813
1392;1.1321449
1393;0.16404586
1394;0.41632262
1395;0.4808307
1396;0.3990427
1397;0.24383724
1398;0.17327695
1399;1.0091554
1400;0.40483257
1401;0.3116317
1402;0.43229914
1403;0.59419316
1404;0.21904086
1405;0.20918609
1406;0.33860305
1407;0.37130502
1408;0.22018944
1409;0.49588028
1410;0.40252423
1411;0.15026923
1412;0.08381104
1413;0.18117394
1414;0.18629344
1415;0.47565237
1416;0.28454047
1417;0.1817435
1418;0.48305655
1419;0.90018415
1420;0.2588496
1421;0.16933799
1422;0.44840375
1423;0.22756486
1424;0.4342197
1425;0.24440832
1426;0.48832312
1427;0.08224725
1428;0.12586012
1429;0.31740513
1430;0.7792583
1431;0.22876792
1432;0.31482056
1433;0.15036418
1434;0.21641457
1435;0.052760553
1436;0.1661346
1437;0.097183965
1438;0.6278371
1439;0.19002466
1440;0.79632545
1441;0.30975413
1442;0.09772774
1443;0.77213556
1444;0.38198677
1445;0.6704052
1446;0.56724006
1447;0.4244583
1448;0.60601526
1449;0.7871046
1450;0.35970822
1451;0.33382174
1452;0.2769579
1453;0.14000852
1454;1.1005803
1455;0.3060743
1456;0.5966165
1457;0.3144199
1458;0.3632977
1459;0.46162644
1460;0.2828737
1461;0.1840695
1462;0.27960727
1463;0.7247522
1464;0.09902948
1465;0.06191
1466;0.13775092
1467;0.2413766
1468;0.276547
1469;0.29416403
1470;0.20893987
1471;0.09333244
1472;0.7238142
1473;0.12796475
1474;0.4148655
1475;0.21255691
1476;0.27263346
1477;0.5796569
1478;0.48730913
1479;0.45002493
1480;0.8794322
1481;0.20083682
1482;0.3048712
1483;0.7642738
1484;0.30880547
1485;0.21579249
1486;0.89191073
1487;0.09880536
1488;0.51747125
1489;0.16178599
1490;0.30479747
1491;0.15847038
1492;0.308147
1493;0.15811616
1494;0.85601205
1495;0.18745899
1496;1.106348
1497;0.16454239
1498;0.26259553
1499;0.5567145
1500;0.37506124
1501;0.07014655
1502;0.14976214
1503;0.27118263
1504;0.5023277
1505;0.19043128
1506;0.36636415
1507;0.53196913
1508;0.48610008
1509;0.39675295
1510;0.3316929
1511;0.2950792
1512;0.3601407
1513;0.37975398
1514;0.30033693
1515;0.21674986
1516;0.3015189
1517;0.28792685
1518;0.08400532
1519;0.9529328
1520;0.45416474
1521;0.20259015
1522;0.67522144
1523;0.5846957
1524;0.4945879
1525;0.9210909
1526;0.3675011
1527;0.2586566
1528;0.40692413
1529;0.18874456
1530;0.24165146
1531;0.17897809
1532;0.66720885
1533;0.17164035
1534;0.8004079
1535;0.14234288
1536;0.18347336
1537;0.34237114
1538;0.5828848
1539;0.30770686
1540;0.32794574
1541;0.70265937
1542;0.628028
1543;0.28592452
1544;0.26844677
1545;0.6872558
1546;0.1691737
1547;0.16962238
1548;0.7459006
1549;0.5258209
1550;0.69539696
1551;0.10293474
1552;0.30550513
1553;0.21264344
1554;0.47866273
1555;0.26051816
1556;0.7879272
1557;0.21859117
1558;0.25720596
1559;0.45497248
1560;0.3567187
1561;0.46226647
1562;0.38158074
1563;0.67827827
1564;0.1383186
1565;0.38555083
1566;0.24873924
1567;0.35608873
1568;0.15768363
1569;0.65075225
1570;0.22830908
1571;0.3197452
1572;0.13650309
1573;0.4041176
1574;0.4379418
1575;0.3592596
1576;0.319958
1577;0.20812476
1578;0.57935506
1579;0.16345458
1580;0.19120324
1581;0.45983323
1582;0.35654235
1583;0.9439017
1584;0.5747378
1585;0.4120977
1586;0.29058903
1587;0.2673874
1588;0.36139068
1589;0.05928139
1590;0.4432672
1591;0.21496415
1592;0.3198826
1593;0.23547705
1594;0.84639287
1595;0.088708244
1596;0.20141037
1597;0.6955665
1598;0.13666138
1599;0.32256714
1600;0.42218223
1601;0.124678545
1602;0.16617635
1603;0.13839585
1604;0.27141133
1605;0.5008428
1606;0.24991006
1607;0.12720376
1608;0.21843474
1609;0.23466389
1610;0.14592552
1611;0.1599057
1612;0.26150033
1613;0.21922232
1614;0.28660724
1615;0.6695032
1616;0.7565403
1617;1.1659751
1618;0.4117665
1619;0.097458415
1620;0.092756115
1621;0.14985932
1622;0.19332163
1623;0.53245264
1624;0.22272056
1625;0.19019991
1626;0.35288277
1627;0.62170357
1628;0.67513585
1629;0.081593625
1630;0.17427857
1631;0.608625
1632;0.14841957
1633;0.09320571
1634;0.15747629
1635;0.23394032
1636;0.6896954
1637;0.30409482
1638;0.45069668
1639;0.43978462
1640;0.06732479
1641;0.8560772
1642;0.5518053
1643;0.19350183
1644;0.25762248
1645;0.15413338
1646;0.12143203
1647;0.08601128
1648;0.13610798
1649;0.22925873
1650;0.3759416
1651;0.1765939
1652;0.1887138
1653;0.817091
1654;0.53084475
1655;0.67573494
1656;0.28145745
1657;0.8575432
1658;0.26688847
1659;0.5798387
1660;0.7065918
1661;0.16964142
1662;0.19917436
1663;0.2150749
1664;0.6766729
1665;0.1256394
1666;0.6750124
1667;0.22989964
1668;0.44626334
1669;0.9513456
1670;0.63781935
1671;0.8483437
1672;0.78006124
1673;0.49631813
1674;1.2117692
1675;0.09570414
1676;0.18526249
1677;0.18779553
1678;0.28367463
1679;0.11240906
1680;0.49715647
1681;0.282925
1682;0.17574221
1683;0.2503201
1684;0.15004824
1685;0.37092194
1686;0.65035343
1687;0.47557768
1688;0.17482923
1689;0.18926613
1690;0.17450498
1691;0.2595102
1692;0.4363915
1693;0.15913963
1694;0.93630934
1695;0.7946934
1696;0.21688123
1697;0.39956474
1698;0.25256765
1699;0.5388149
1700;0.26519117
1701;0.6161719
1702;0.30125955
1703;0.24118061
1704;0.6154991
1705;0.29508686
1706;0.22278447
1707;0.604923
1708;0.3829656
1709;0.43187067
1710;0.28513512
1711;0.07481726
1712;0.21293955
1713;0.35695657
1714;0.18451934
1715;0.22350703
1716;0.33595204
1717;0.8277096
1718;0.75948954
1719;0.46317753
1720;0.4892808
1721;0.15520662
1722;0.42011026
1723;0.23485307
1724;0.8085801
1725;0.5370881
1726;0.64995134
1727;0.10509572
1728;0.12522055
1729;0.28530174
1730;0.28740355
1731;0.3115923
1732;0.084300004
1733;0.34909996
1734;0.2559919
1735;0.23179126
1736;0.6427906
1737;0.18252651
1738;0.28545853
1739;0.6016742
1740;0.19277517
1741;0.3972861
1742;0.90937024
1743;0.81096053
1744;0.23848425
1745;0.21767394
1746;0.1643799
1747;0.5083296
1748;0.28728953
1749;0.39248157
1750;0.379346
1751;0.20783602
1752;0.6700205
1753;0.18076043
1754;0.22210789
1755;0.27885705
1756;0.06331101
1757;0.94335824
1758;0.30546358
1759;0.11224719
1760;0.17734008
1761;0.28705007
1762;0.22570103
1763;0.11939544
1764;0.25645956
1765;0.17151596
1766;0.1551828
1767;0.13579321
1768;0.44642934
1769;0.15012155
1770;0.12336137
1771;0.11560891
1772;0.15251015
1773;0.6866426
1774;0.1151354
1775;0.47569275
1776;0.18142574
1777;0.42293966
1778;0.5458323
1779;0.35826313
1780;0.8460496
1781;0.07322372
1782;0.22816844
1783;0.11964484
1784;0.17309482
1785;0.22249226
1786;0.46007934
1787;0.07195798
1788;0.15727271
1789;0.32809952
1790;0.09527081
1791;0.10717371
1792;0.12662064
1793;0.43223885
1794;0.41207287
1795;0.46870434
1796;0.49778223
1797;0.08265745
1798;0.09705158
1799;0.092421435
1800;0.24297337
1801;0.10668623
1802;0.21213734
1803;0.1679147
1804;0.052014902
1805;0.25421008
1806;0.08992469
1807;0.37331644
1808;0.8007546
1809;0.089637615
1810;0.13833518
1811;0.49414077
1812;0.37309337
1813;0.29021645
1814;0.6573978
1815;0.19551499
1816;0.19280191
1817;0.6701415
1818;0.3241456
1819;0.82532597
1820;0.24012394
1821;0.2854143
1822;0.1237696
1823;0.7939911
1824;0.63351274
1825;0.31686237
1826;0.4922007
1827;0.51073724
1828;0.16063237
1829;0.15077043
1830;0.26601037
1831;0.08308906
1832;0.15256877
1833;0.9958164
1834;0.18826973
1835;0.7044286
1836;1.1850282
1837;0.15796532
1838;0.1775481
1839;0.5940878
1840;0.12824683
1841;0.56652373
1842;0.14982027
1843;0.26114595
1844;0.19708836
1845;0.1593716
1846;0.16452399
1847;0.36906886
1848;0.16168928
1849;0.25958082
1850;0.45272183
1851;0.28077352
1852;0.5130874
1853;0.20190454
1854;0.32045922
1855;0.29999158
1856;0.25821674
1857;0.23557727
1858;0.20157194
1859;0.10984248
1860;0.45723113
1861;0.26822585
1862;0.17973395
1863;0.2606085
1864;0.24968968
1865;0.19276552
1866;0.3201746
1867;0.16829945
1868;0.14329346
1869;0.28915012
1870;0.1620724
1871;1.2752498
1872;0.98909837
1873;1.0336021
1874;0.13208036
1875;0.3706843
1876;0.103506394
1877;0.39281353
1878;0.18047313
1879;0.24013507
1880;0.570706
1881;0.1486023
1882;0.55991316
1883;0.63973707
1884;0.40915227
1885;0.09848913
1886;0.14166637
1887;0.17822014
1888;0.615523
1889;0.10114285
1890;0.8487055
1891;0.60749435
1892;0.35794982
1893;0.3502686
1894;0.7539063
1895;0.43294692
1896;0.25882855
1897;0.5831948
1898;0.8720412
1899;0.18727283
1900;0.24310118
1901;0.69921947
1902;0.40522754
1903;0.21795802
1904;0.20055144
1905;0.5281896
1906;0.33762482
1907;0.31624785
1908;0.5756789
1909;0.7207055
1910;0.7294617
1911;0.527307
1912;0.2201087
1913;0.5339052
1914;0.34223032
1915;0.751054
1916;0.61568683
1917;0.22698466
1918;0.38866338
1919;0.49381828
1920;0.35806552
1921;0.21363609
1922;0.25263807
1923;0.56925446
1924;0.49949494
1925;0.11133536
1926;1.1256045
1927;0.6775848
1928;0.43894365
1929;0.12843037
1930;0.5064339
1931;0.18007928
1932;0.37122917
1933;0.18945523
1934;0.72228533
1935;0.43056628
1936;0.7537465
1937;0.2966192
1938;0.15714918
1939;0.36952838
1940;0.68834186
1941;0.19481665
1942;0.11768464
1943;1.3362583
1944;0.061529476
1945;0.9380829
1946;0.26900288
1947;0.06725364
1948;0.40071607
1949;0.3388379
1950;0.35843456
1951;0.24383503
1952;0.34285095
1953;0.52890086
1954;0.2804213
1955;0.22758502
1956;0.29817012
1957;0.2540449
1958;0.2947854
1959;0.16757135
1960;0.12093145
1961;0.07361243
1962;0.18078195
1963;0.070189126
1964;0.44358745
1965;0.13425538
1966;0.089734435
1967;0.08884013
1968;0.19048756
1969;1.2834462
1970;0.08242736
1971;0.2501012
1972;0.41885033
1973;0.43349516
1974;0.1562852
1975;1.0468005
1976;0.14789885
1977;0.4175414
1978;0.32847202
1979;0.42350435
1980;0.2940592
1981;0.70056456
1982;0.14274321
1983;0.11769104
1984;0.07277107
1985;0.44216132
1986;0.3586509
1987;0.11468967
1988;0.1478448
1989;0.36782107
1990;0.3838639
1991;0.49971387
1992;0.25629735
1993;0.042631295
1994;0.29469636
1995;0.44189668
1996;0.71451825
1997;0.39472148
1998;0.06786429
1999;0.1721673
2000;0.6852382
2001;1.6998138
2002;0.049582917
2003;1.0463572
2004;0.33446503
2005;0.13683416
2006;0.30223963
2007;0.25821254
2008;0.14986812
2009;0.35443497
2010;0.060731202
2011;1.039282
2012;0.21078855
2013;0.9229719
2014;0.36797905
2015;0.38584515
2016;0.14744844
2017;0.064704336
2018;0.9481527
2019;0.11090628
2020;0.4123865
2021;0.86047024
2022;0.41419896
2023;0.15603553
2024;0.88993853
2025;0.59065014
2026;0.42188215
2027;0.11491549
2028;0.8717478
2029;0.6201119
2030;0.14606792
2031;0.39814505
2032;0.21266223
2033;0.28792158
2034;0.26053604
2035;0.24785274
2036;0.30695617
2037;0.22211833
2038;0.047645558
2039;0.18365991
2040;0.44167495
2041;0.51510555
2042;0.10463483
2043;0.2510802
2044;0.3241018
2045;0.39181077
2046;0.7626373
2047;0.30621412
2048;0.3875029
2049;0.9130497
2050;0.09603411
2051;0.35058436
2052;0.13803074
2053;0.5995062
2054;1.069928
2055;0.8868714
2056;0.44025812
2057;0.6848108
2058;0.34815073
2059;0.04611598
2060;0.17727214
2061;0.3330184
2062;0.514528
2063;0.19259173
2064;0.88753194
2065;0.07504656
2066;0.2813022
2067;0.087932415
2068;0.06611534
2069;0.6960501
2070;0.58439505
2071;0.3171164
2072;0.799938
2073;0.42166778
2074;0.42225733
2075;0.23312645
2076;0.3276149
2077;0.44605315
2078;0.24963713
2079;0.28799108
2080;0.54287225
2081;0.2560141
2082;0.21433967
2083;0.7322481
2084;0.49725914
2085;0.29343024
2086;0.18812247
2087;0.50113136
2088;0.33867136
2089;0.4955934
2090;0.7147282
2091;0.5804995
2092;0.68726754
2093;0.9832769
2094;1.0742184
2095;0.77493477
2096;0.67165416
2097;0.7064058
2098;0.38127542
2099;0.47575414
2100;0.8005777
2101;0.38706014
2102;0.59723735
2103;0.45511165
2104;0.6882095
2105;0.5981233
2106;0.88800687
2107;1.0558056
2108;0.4565116
2109;0.40051234
2110;0.52114683
2111;0.44566703
2112;0.61158806
2113;0.46004388
2114;0.3577434
2115;0.49194518
2116;0.33788037
2117;0.3487084
2118;0.19677432
2119;0.41895774
2120;0.34086958
2121;0.49459347
2122;0.23807232
2123;0.3830208
2124;0.23730457
2125;0.4778382
2126;0.34925762
2127;0.30325755
2128;0.45303187
2129;0.2751648
2130;0.3978863
2131;0.15285105
2132;0.36767706
2133;0.4775549
2134;0.36863935
2135;0.42324087
2136;0.31017563
2137;0.34833026
2138;0.863415
2139;0.49367666
2140;0.53381807
2141;0.28725633
2142;0.48863995
2143;0.35473648
2144;0.47048604
2145;0.46723893
2146;0.6174279
2147;0.40068617
2148;0.18815958
2149;0.29949677
2150;0.16407663
2151;0.6023597
2152;0.42472658
2153;0.41880727
2154;0.30918786
2155;0.46662465
2156;0.34826568
2157;0.41017494
2158;0.41703045
2159;0.5349565
2160;0.56138736
2161;0.3460723
2162;0.7626093
2163;0.38555583
2164;0.6007268
2165;0.508228
2166;0.28524593
2167;0.5048994
2168;0.34854403
2169;0.46700552
2170;0.46978238
2171;0.41526031
2172;0.2732691
2173;0.27943724
2174;0.89920586
2175;0.30485573
2176;0.27628815
2177;0.32292652
2178;0.61021554
2179;0.24267663
2180;0.24437793
2181;0.42203507
2182;0.39137653
2183;0.24639517
2184;0.4583868
2185;0.30688822
2186;0.13603741
2187;0.16775374
2188;0.14977469
2189;0.2491322
2190;0.4636395
2191;0.3205956
2192;0.14461787
2193;0.39335454
2194;0.9942748
2195;0.44598603
2196;0.2683821
2197;0.3836851
2198;0.27308378
2199;0.5497209
2200;0.28427354
2201;0.45525613
2202;0.18463771
2203;0.35739803
2204;0.27211577
2205;0.7525608
2206;0.2839421
2207;0.4654272
2208;0.12267109
2209;0.27829024
2210;0.14059077
2211;0.18525834
2212;0.19448233
2213;0.63040143
2214;0.36099458
2215;0.9175627
2216;0.35029772
2217;0.09744153
2218;0.8898034
2219;0.46469784
2220;0.51558954
2221;0.4939374
2222;0.48600402
2223;0.6957318
2224;0.82269526
2225;0.38434103
2226;0.36611983
2227;0.40813997
2228;0.25331348
2229;0.9626486
2230;0.3107463
2231;0.5970983
2232;0.3497661
2233;0.2747673
2234;0.673604
2235;0.32683012
2236;0.17197973
2237;0.32196403
2238;0.5395723
2239;0.22900629
2240;0.16404267
2241;0.24989341
2242;0.2597345
2243;0.32717648
2244;0.3718919
2245;0.32946342
2246;0.2972368
2247;0.64424294
2248;0.25333253
2249;0.47464
2250;0.24856973
2251;0.3188021
2252;0.41291675
2253;0.37299943
2254;0.63082236
2255;0.53149056
2256;0.25086513
2257;0.4187893
2258;0.39181697
2259;0.4292194
2260;0.30497226
2261;0.94602793
2262;0.18571353
2263;0.56368566
2264;0.1940222
2265;0.4267496
2266;0.22451395
2267;0.22666363
2268;0.18411382
2269;0.495821
2270;0.2066475
2271;0.73003465
2272;0.142987
2273;0.3319991
2274;0.4102695
2275;0.34583083
2276;0.101754524
2277;0.23251562
2278;0.32133043
2279;0.4223002
2280;0.2536836
2281;0.41877997
2282;0.5282195
2283;0.4401416
2284;0.46911755
2285;0.34005472
2286;0.37546608
2287;0.35799673
2288;0.34736255
2289;0.2557288
2290;0.28120935
2291;0.33766213
2292;0.2577918
2293;0.2461726
2294;0.64700365
2295;0.35518607
2296;0.3127747
2297;0.41350934
2298;0.5666631
2299;0.57510895
2300;0.7781765
2301;0.33304796
2302;0.25438586
2303;0.4177949
2304;0.19468164
2305;0.30501008
2306;0.20806456
2307;0.5631817
2308;0.1736768
2309;0.41691425
2310;0.13935849
2311;0.26070225
2312;0.30653873
2313;0.37012312
2314;0.3114201
2315;0.276561
2316;0.79473686
2317;0.6815594
2318;0.2507045
2319;0.33502284
2320;0.7456843
2321;0.17616045
2322;0.25799128
2323;0.7511675
2324;0.45763183
